01552500
02231342
07340300
05056000
09505200
06632400
08196000
09505800
01139000
06934000
01350000
02300700
03078000
12025000
11274500
07315700
06601000
02152100
07359610
08190000
02056900
03186500
10310500
01057000
06409000
06803510
10205030
01052500
02059500
03066000
11299600
06344600
14187000
12040500
14306500
10173450
07142300
12147500
01639500
09430500
09512280
10172700
09510200
07226500
02371500
02342933
09066200
02055100
14096850
03182500
01567500
12451000
08189500
12147600
03281100
06885500
05495000
05466500
14158500
09210500
08171300
05444000
07149000
04024430
05454000
10166430
08202700
01667500
11284400
12115000
08103900
06889200
02464000
12375900
08175000
03473000
02299950
01634500
10258500
06614800
14092750
11274630
07060710
02011460
14400000
02479300
05362000
07263295
01423000
08050800
03592718
02081500
01350140
04056500
11480390
09447800
01134500
12145500
02102908
03164000
08164300
04057800
08377900
06470800
09497980
07362100
05057200
12095000
13240000
05487980
06404000
01594950
06224000
13161500
06431500
03488000
02314500
05501000
10329500
07197000
02297155
09505350
13338500
12488500
04122500
02092500
04296000
06892000
08165300
02111180
06775500
08190500
09535100
08086212
01550000
05413500
04197100
02212600
03500240
08267500
01440000
08029500
09484600
14216500
02464360
04127997
07195800
02051500
07291000
13331500
06917000
01414500
11230500
02472500
01547700
03439000
06289000
09513780
04221000
02422500
14309500
06408700
11381500
02310947
01568000
10242000
03340800
14236200
08195000
10258000
03069500
01485500
11148900
04197170
05592575
05489000
01580000
06906800
08070200
01669520
11180960
08104900
10343500
06921070
05129115
07301500
05458000
08013000
01543000
11098000
14154500
02038850
03291780
07373000
01144000
02327100
11180500
13011500
05488200
01632900
06879650
06188000
12377150
01606500
09492400
09065500
03050000
03026500
11143000
03237500
05291000
09480000
07335700
02384540
13310700
14137000
02011400
05120500
11124500
06221400
07375000
01596500
02312200
07151500
01118300
06903400
07196900
07083000
07148400
02465493
03471500
13313000
12043000
01439500
12048000
05592050
05408000
02479155
06154410
14158790
02430615
04161580
03049800
03364500
12013500
06447500
02108000
07315200
02221525
02082950
01169000
12447390
10259000
11264500
06464500
03450000
03173000
07068000
03159540
02017500
03504000
02372250
10023000
03300400
06441500
07057500
08086290
08109700
12054000
01586610
12381400
11478500
03237280
07299670
06360500
09034900
06468170
02479560
13337000
09352900
04127918
01413500
03280700
03368000
11141280
03281500
08176900
04059500
05514500
12390700
06479438
06353000
02016000
05525500
12117000
02069700
08023080
02198100
11224500
11482500
06452000
01123000
09306242
01644000
03140000
12374250
14306340
02013000
06878000
01516500
06921200
02296500
01510000
11473900
11176400
10259200
12186000
02118500
08198500
08271000
03010655
02297310
06037500
01055000
08269000
06339100
04216418
05593900
04196800
03165000
01181000
12178100
05595730
03011800
06191500
06043500
04045500
02053200
14316700
06354000
02202600
11522500
03187500
01451800
02481510
14303200
03049000
06623800
02196000
03500000
08324000
03170000
04027000
05393500
03357350
04063700
02128000
02143000
02065500
08378500
02374500
01638480
08079600
05399500
06447000
01620500
01632000
09066000
02143040
04256000
01073000
01047000
13340600
02027500
06622700
07376000
03574500
02112120
01030500
06910800
14138800
02028500
07067000
03384450
05503800
13083000
06477500
12020000
03346000
02111500
01545600
07180500
02324400
01557500
03455500
03070500
04074950
06311000
01583500
02369800
12411000
02464146
02053800
03180500
02140991
14301000
01484100
01054200
10336740
05593575
03021350
06876700
08164600
02064000
03456500
14182500
12041200
11532500
01466500
02350900
03213700
06453600
08164000
03604000
12141300
12175500
07362587
01162500
12092000
06911900
02427250
05057000
13235000
02415000
01434025
05131500
10263500
02450250
01415000
09404450
03460000
07167500
04105700
02216180
02298123
06814000
02245500
01031500
07184000
12189500
10316500
12056500
13023000
10234500
07071500
12414500
07145700
07301410
03161000
08070000
09508300
03144000
02349900
11237500
14185000
01187300
03498500
02408540
04115265
08200000
11151300
