1.653227090835571289e+00
1.609852552413940430e+00
1.658626794815063477e+00
1.676885366439819336e+00
1.698091745376586914e+00
1.682683706283569336e+00
1.649726152420043945e+00
1.596714854240417480e+00
1.547198176383972168e+00
1.588809490203857422e+00
1.635817646980285645e+00
1.675995111465454102e+00
1.657428026199340820e+00
1.611644148826599121e+00
1.594617843627929688e+00
1.612629890441894531e+00
1.639558553695678711e+00
1.651811480522155762e+00
1.623480200767517090e+00
1.554014444351196289e+00
1.524794936180114746e+00
1.497504353523254395e+00
1.456848144531250000e+00
1.463958740234375000e+00
1.477314233779907227e+00
1.514798402786254883e+00
1.622648000717163086e+00
1.681572914123535156e+00
1.716856598854064941e+00
1.689794301986694336e+00
1.611920595169067383e+00
1.547071576118469238e+00
1.505571603775024414e+00
1.484625339508056641e+00
1.483722567558288574e+00
1.490439653396606445e+00
1.514905095100402832e+00
1.570846796035766602e+00
1.561194896697998047e+00
1.536783576011657715e+00
1.545772075653076172e+00
1.575493335723876953e+00
1.559785842895507812e+00
1.511420488357543945e+00
1.610289812088012695e+00
1.770568966865539551e+00
1.761502265930175781e+00
1.843201875686645508e+00
1.830091953277587891e+00
1.765012502670288086e+00
1.698240995407104492e+00
1.634327411651611328e+00
1.600605368614196777e+00
1.597209453582763672e+00
1.643163919448852539e+00
1.681547641754150391e+00
1.700523018836975098e+00
1.694697380065917969e+00
1.665046572685241699e+00
1.616260051727294922e+00
1.550881981849670410e+00
1.698825716972351074e+00
1.716618299484252930e+00
1.650023698806762695e+00
1.623746037483215332e+00
1.625289082527160645e+00
1.615201830863952637e+00
1.595714926719665527e+00
1.594365000724792480e+00
1.638690948486328125e+00
1.663244962692260742e+00
1.646787881851196289e+00
1.643491983413696289e+00
1.680421113967895508e+00
1.738505482673645020e+00
1.762507319450378418e+00
1.718190193176269531e+00
1.661343812942504883e+00
1.611891627311706543e+00
1.572332620620727539e+00
1.601027250289916992e+00
1.643182277679443359e+00
1.689595460891723633e+00
1.731891036033630371e+00
1.805539846420288086e+00
1.833805203437805176e+00
1.820347666740417480e+00
2.027647495269775391e+00
2.087095499038696289e+00
2.025800704956054688e+00
1.947320342063903809e+00
1.867154121398925781e+00
1.788042783737182617e+00
1.718601107597351074e+00
1.692240715026855469e+00
1.848006963729858398e+00
1.901080131530761719e+00
1.886860370635986328e+00
1.858803510665893555e+00
1.872520208358764648e+00
1.860749602317810059e+00
1.835377693176269531e+00
1.778556823730468750e+00
1.729346275329589844e+00
1.735735654830932617e+00
1.747836828231811523e+00
1.816349864006042480e+00
1.842737555503845215e+00
1.956191658973693848e+00
1.926455020904541016e+00
1.869106173515319824e+00
1.823330283164978027e+00
1.807272553443908691e+00
1.883226037025451660e+00
1.924745917320251465e+00
1.924458742141723633e+00
1.914330840110778809e+00
1.890898227691650391e+00
2.053577184677124023e+00
2.246740341186523438e+00
2.239758253097534180e+00
2.129418373107910156e+00
2.032779455184936523e+00
2.137902736663818359e+00
2.184315919876098633e+00
2.125980615615844727e+00
2.041694641113281250e+00
1.978371262550354004e+00
1.930606842041015625e+00
1.877480268478393555e+00
1.808359384536743164e+00
1.792372584342956543e+00
1.918730616569519043e+00
1.971583127975463867e+00
1.960459709167480469e+00
1.949988603591918945e+00
2.188687801361083984e+00
2.256850004196166992e+00
2.185163736343383789e+00
2.105147838592529297e+00
2.042696475982666016e+00
1.983734488487243652e+00
1.930105566978454590e+00
1.932725310325622559e+00
1.927182316780090332e+00
1.966029286384582520e+00
1.968982696533203125e+00
1.946189999580383301e+00
1.930510163307189941e+00
1.929490566253662109e+00
1.917913317680358887e+00
1.919362187385559082e+00
1.916156649589538574e+00
1.927343368530273438e+00
1.922809839248657227e+00
1.876529932022094727e+00
1.868433475494384766e+00
1.878398299217224121e+00
1.884361982345581055e+00
1.978614449501037598e+00
2.232398509979248047e+00
2.297234296798706055e+00
2.230700731277465820e+00
2.147527933120727539e+00
2.071631193161010742e+00
2.015335559844970703e+00
1.973799228668212891e+00
1.965690493583679199e+00
1.968252420425415039e+00
1.967805624008178711e+00
1.972270965576171875e+00
2.043380975723266602e+00
2.132661581039428711e+00
2.113754987716674805e+00
2.117160797119140625e+00
2.077062845230102539e+00
2.049086093902587891e+00
2.072079896926879883e+00
2.070009946823120117e+00
2.101450681686401367e+00
2.113672256469726562e+00
2.095307350158691406e+00
2.060986995697021484e+00
2.046989917755126953e+00
2.043321609497070312e+00
2.055434942245483398e+00
2.053057670593261719e+00
2.037668228149414062e+00
2.036892414093017578e+00
2.034964084625244141e+00
2.021267890930175781e+00
2.026870250701904297e+00
2.035022020339965820e+00
2.026083946228027344e+00
2.018512487411499023e+00
2.031943798065185547e+00
2.064042329788208008e+00
2.076359987258911133e+00
2.171930789947509766e+00
2.274343013763427734e+00
2.269921541213989258e+00
2.215076208114624023e+00
2.156012535095214844e+00
2.162845849990844727e+00
2.122766733169555664e+00
2.067541122436523438e+00
2.047317504882812500e+00
2.039785623550415039e+00
2.039554595947265625e+00
2.053841352462768555e+00
2.079217910766601562e+00
2.092382669448852539e+00
2.095380544662475586e+00
2.102905750274658203e+00
2.105547666549682617e+00
2.097289323806762695e+00
2.075211048126220703e+00
2.101976156234741211e+00
2.097820043563842773e+00
2.091618299484252930e+00
2.096704006195068359e+00
2.091954708099365234e+00
2.054172277450561523e+00
2.011974811553955078e+00
1.961165666580200195e+00
1.947900176048278809e+00
1.942478060722351074e+00
1.942393660545349121e+00
1.952171564102172852e+00
1.983972191810607910e+00
2.019056081771850586e+00
2.046372652053833008e+00
2.134019374847412109e+00
2.156672477722167969e+00
2.144203424453735352e+00
2.125913381576538086e+00
2.115874767303466797e+00
2.133660554885864258e+00
2.107261896133422852e+00
2.055333137512207031e+00
2.020965337753295898e+00
2.029474496841430664e+00
2.046626567840576172e+00
2.060715675354003906e+00
2.073603153228759766e+00
2.082112312316894531e+00
2.089043140411376953e+00
2.088335990905761719e+00
2.112252712249755859e+00
2.154389619827270508e+00
2.203556776046752930e+00
2.169400691986083984e+00
2.128029823303222656e+00
2.212815046310424805e+00
2.230337619781494141e+00
2.184031248092651367e+00
2.140500307083129883e+00
2.094134807586669922e+00
2.048578977584838867e+00
2.004685401916503906e+00
1.971202015876770020e+00
1.964412450790405273e+00
1.975182056427001953e+00
1.989604234695434570e+00
2.086161851882934570e+00
2.167833328247070312e+00
2.147207975387573242e+00
2.116321802139282227e+00
2.097585916519165039e+00
2.202549934387207031e+00
2.258444786071777344e+00
2.213064193725585938e+00
2.163880348205566406e+00
2.205903530120849609e+00
2.191150426864624023e+00
2.126561880111694336e+00
2.074333906173706055e+00
2.060760974884033203e+00
2.056431531906127930e+00
2.050676107406616211e+00
2.042357683181762695e+00
2.029302358627319336e+00
1.997214436531066895e+00
1.968485593795776367e+00
1.949095606803894043e+00
1.998902320861816406e+00
2.079400300979614258e+00
2.097518205642700195e+00
2.049644708633422852e+00
2.004885911941528320e+00
1.985638260841369629e+00
1.985725522041320801e+00
2.035128116607666016e+00
2.091357707977294922e+00
2.066043853759765625e+00
2.015544891357421875e+00
1.990994811058044434e+00
1.981563925743103027e+00
2.114594936370849609e+00
2.161691188812255859e+00
2.115677833557128906e+00
2.061403751373291016e+00
2.014847040176391602e+00
1.988556861877441406e+00
1.969489812850952148e+00
1.963333129882812500e+00
1.965064644813537598e+00
1.990729331970214844e+00
1.995838403701782227e+00
1.972610473632812500e+00
1.937000751495361328e+00
1.893748879432678223e+00
1.866733312606811523e+00
1.992169022560119629e+00
2.013304233551025391e+00
1.970082044601440430e+00
1.950744986534118652e+00
1.936712741851806641e+00
1.922407627105712891e+00
1.890111565589904785e+00
1.866686582565307617e+00
1.844972848892211914e+00
1.845771789550781250e+00
1.831181287765502930e+00
1.894248485565185547e+00
1.922049403190612793e+00
1.936040163040161133e+00
1.925842404365539551e+00
1.899639248847961426e+00
1.861625313758850098e+00
1.853393554687500000e+00
1.833107590675354004e+00
1.770151019096374512e+00
1.919533371925354004e+00
1.970064163208007812e+00
1.911945223808288574e+00
1.837607741355895996e+00
1.828633308410644531e+00
1.827087521553039551e+00
1.804834604263305664e+00
1.783249855041503906e+00
1.807287216186523438e+00
1.839002728462219238e+00
1.829538345336914062e+00
1.798686265945434570e+00
1.770101904869079590e+00
1.736182093620300293e+00
1.727442145347595215e+00
1.709070444107055664e+00
1.655749678611755371e+00
1.926700115203857422e+00
2.038532972335815430e+00
1.984678745269775391e+00
1.926265954971313477e+00
1.919802308082580566e+00
1.875411987304687500e+00
1.805915594100952148e+00
1.730681300163269043e+00
1.678268194198608398e+00
1.635023593902587891e+00
1.651533007621765137e+00
1.685302972793579102e+00
1.707432508468627930e+00
1.705138206481933594e+00
1.677842140197753906e+00
1.619498968124389648e+00
1.671765685081481934e+00
1.660737276077270508e+00
1.648950815200805664e+00
1.664610862731933594e+00
1.692194223403930664e+00
1.703513145446777344e+00
1.701808452606201172e+00
1.678258895874023438e+00
1.653913378715515137e+00
1.623366832733154297e+00
1.609334349632263184e+00
1.614602208137512207e+00
1.640226244926452637e+00
1.659728765487670898e+00
1.663394331932067871e+00
1.695412635803222656e+00
1.694480419158935547e+00
1.673074245452880859e+00
1.654496192932128906e+00
1.622409224510192871e+00
1.560285329818725586e+00
1.510382413864135742e+00
1.453025579452514648e+00
1.397899985313415527e+00
1.444407463073730469e+00
1.574508190155029297e+00
1.616071224212646484e+00
1.613719224929809570e+00
1.598060846328735352e+00
1.575962543487548828e+00
1.583673596382141113e+00
1.594425201416015625e+00
1.596908926963806152e+00
1.603818058967590332e+00
1.602062582969665527e+00
1.609406828880310059e+00
1.595564365386962891e+00
1.716517329216003418e+00
1.775169730186462402e+00
1.756806254386901855e+00
1.705660700798034668e+00
1.646533250808715820e+00
1.680090427398681641e+00
1.866107463836669922e+00
1.903389215469360352e+00
1.817823648452758789e+00
1.717032909393310547e+00
1.622620582580566406e+00
1.545465350151062012e+00
1.497272372245788574e+00
1.484417915344238281e+00
1.496867537498474121e+00
1.950573325157165527e+00
2.131318330764770508e+00
2.082639217376708984e+00
1.946206450462341309e+00
1.803543329238891602e+00
1.743525505065917969e+00
1.723664402961730957e+00
1.705534934997558594e+00
1.744047880172729492e+00
1.678019404411315918e+00
1.600521326065063477e+00
1.559607625007629395e+00
1.517711400985717773e+00
1.562572479248046875e+00
1.639789819717407227e+00
1.687674999237060547e+00
1.685438394546508789e+00
1.679538965225219727e+00
1.673453211784362793e+00
1.660290956497192383e+00
1.650634646415710449e+00
1.675961494445800781e+00
1.691403985023498535e+00
1.674135208129882812e+00
1.702282190322875977e+00
1.732136011123657227e+00
1.750686168670654297e+00
1.840814352035522461e+00
1.835113883018493652e+00
1.748619914054870605e+00
1.693818569183349609e+00
1.749432206153869629e+00
1.782896518707275391e+00
1.807415843009948730e+00
1.826280355453491211e+00
1.834047198295593262e+00
1.859741091728210449e+00
2.038295030593872070e+00
2.112487554550170898e+00
2.049979448318481445e+00
1.972323417663574219e+00
1.943728566169738770e+00
1.916536092758178711e+00
1.893057584762573242e+00
1.835195422172546387e+00
1.755933880805969238e+00
1.700554847717285156e+00
1.673128008842468262e+00
1.883438944816589355e+00
1.985742807388305664e+00
1.975150108337402344e+00
1.942623019218444824e+00
1.909356594085693359e+00
1.848870158195495605e+00
1.844344377517700195e+00
1.855712652206420898e+00
1.848017573356628418e+00
1.947048425674438477e+00
2.032535552978515625e+00
2.067588806152343750e+00
2.020659923553466797e+00
1.940379261970520020e+00
1.892582774162292480e+00
1.887852549552917480e+00
1.889331459999084473e+00
1.878932833671569824e+00
1.861556649208068848e+00
1.804669141769409180e+00
1.741061329841613770e+00
1.710709810256958008e+00
1.725542902946472168e+00
1.769022464752197266e+00
1.809409856796264648e+00
1.855312705039978027e+00
1.957011938095092773e+00
1.953507542610168457e+00
1.888556361198425293e+00
1.859093666076660156e+00
1.855461716651916504e+00
1.865285634994506836e+00
1.865405082702636719e+00
1.865601539611816406e+00
1.883549332618713379e+00
1.931828618049621582e+00
2.143880367279052734e+00
2.186884641647338867e+00
2.115455150604248047e+00
2.033834218978881836e+00
1.998274803161621094e+00
1.951096534729003906e+00
1.924560785293579102e+00
1.909008502960205078e+00
1.896456003189086914e+00
1.866764187812805176e+00
1.820655465126037598e+00
1.906228661537170410e+00
1.969980478286743164e+00
2.049339771270751953e+00
2.053924560546875000e+00
2.014906406402587891e+00
1.982948184013366699e+00
1.959408044815063477e+00
1.933618783950805664e+00
1.928756475448608398e+00
1.911192774772644043e+00
1.910330176353454590e+00
2.034216403961181641e+00
2.084029912948608398e+00
2.080179214477539062e+00
2.084334135055541992e+00
2.116187095642089844e+00
2.120494365692138672e+00
2.085831403732299805e+00
2.036440372467041016e+00
2.016444921493530273e+00
2.011968612670898438e+00
1.989742159843444824e+00
1.985109448432922363e+00
1.969119429588317871e+00
1.976473689079284668e+00
2.024182319641113281e+00
2.075651884078979492e+00
2.087020635604858398e+00
2.075817584991455078e+00
2.066035509109497070e+00
2.048923969268798828e+00
2.021705627441406250e+00
2.002922773361206055e+00
2.011239290237426758e+00
2.022759675979614258e+00
2.029011249542236328e+00
2.022622346878051758e+00
2.014010906219482422e+00
1.999952316284179688e+00
2.008367061614990234e+00
2.014775276184082031e+00
2.018121242523193359e+00
2.016173362731933594e+00
2.144597768783569336e+00
2.308276653289794922e+00
2.279166936874389648e+00
2.168413400650024414e+00
2.090980052947998047e+00
2.073002576828002930e+00
2.059135913848876953e+00
2.046903610229492188e+00
2.046877384185791016e+00
2.050303697586059570e+00
2.171967744827270508e+00
2.211579561233520508e+00
2.183146238327026367e+00
2.151404619216918945e+00
2.130289077758789062e+00
2.116236925125122070e+00
2.105284929275512695e+00
2.098245382308959961e+00
2.095711946487426758e+00
2.274772882461547852e+00
2.329892158508300781e+00
2.275586605072021484e+00
2.206839561462402344e+00
2.161122798919677734e+00
2.132971286773681641e+00
2.109838008880615234e+00
2.087272405624389648e+00
2.050718545913696289e+00
2.040674209594726562e+00
2.033538818359375000e+00
2.029419183731079102e+00
2.070368051528930664e+00
2.082352638244628906e+00
2.084685564041137695e+00
2.089631319046020508e+00
2.106058120727539062e+00
2.100270271301269531e+00
2.100842237472534180e+00
2.102071762084960938e+00
2.105664253234863281e+00
2.112307071685791016e+00
2.118215084075927734e+00
2.262447834014892578e+00
2.310946464538574219e+00
2.251044034957885742e+00
2.248915672302246094e+00
2.211955070495605469e+00
2.119330644607543945e+00
2.071614265441894531e+00
2.060536861419677734e+00
2.059357881546020508e+00
2.066518783569335938e+00
2.136426210403442383e+00
2.149316310882568359e+00
2.120053291320800781e+00
2.119582653045654297e+00
2.123851299285888672e+00
2.127300500869750977e+00
2.130000829696655273e+00
2.131977558135986328e+00
2.129336118698120117e+00
2.114508628845214844e+00
2.091508388519287109e+00
2.120503187179565430e+00
2.085145950317382812e+00
2.029566764831542969e+00
2.069427013397216797e+00
2.252667427062988281e+00
2.311739206314086914e+00
2.265995979309082031e+00
2.217903852462768555e+00
2.180672168731689453e+00
2.153516054153442383e+00
2.134887218475341797e+00
2.122867107391357422e+00
2.114346265792846680e+00
2.110342502593994141e+00
2.108729362487792969e+00
2.109639167785644531e+00
2.106816530227661133e+00
2.098827838897705078e+00
2.098181009292602539e+00
2.141724348068237305e+00
2.273452997207641602e+00
2.392238378524780273e+00
2.354125976562500000e+00
2.237078189849853516e+00
2.143404245376586914e+00
2.080031871795654297e+00
2.045946836471557617e+00
2.010241985321044922e+00
1.982706308364868164e+00
1.960657835006713867e+00
1.944278478622436523e+00
1.947971940040588379e+00
1.956564784049987793e+00
1.975771903991699219e+00
1.990896582603454590e+00
2.075067996978759766e+00
2.092525243759155273e+00
2.088148355484008789e+00
2.093093395233154297e+00
2.095300912857055664e+00
2.100674867630004883e+00
2.086442232131958008e+00
2.046135663986206055e+00
2.017178535461425781e+00
1.987416148185729980e+00
1.949544191360473633e+00
1.937381148338317871e+00
1.935044646263122559e+00
1.962048292160034180e+00
1.961104750633239746e+00
1.953231215476989746e+00
1.957392454147338867e+00
1.969653964042663574e+00
1.979550957679748535e+00
1.979723572731018066e+00
1.966988444328308105e+00
1.967170715332031250e+00
1.942370653152465820e+00
1.924496531486511230e+00
1.936406493186950684e+00
1.952670335769653320e+00
1.970527052879333496e+00
1.972705721855163574e+00
2.002160072326660156e+00
1.968361139297485352e+00
1.939878582954406738e+00
1.926450371742248535e+00
1.921598792076110840e+00
1.870110750198364258e+00
1.877076387405395508e+00
1.889150500297546387e+00
1.883906960487365723e+00
1.871329903602600098e+00
1.885757684707641602e+00
1.888548493385314941e+00
1.862244963645935059e+00
1.792884230613708496e+00
1.739577651023864746e+00
1.743091583251953125e+00
1.798489332199096680e+00
1.842737555503845215e+00
1.872441172599792480e+00
1.879056453704833984e+00
1.872948527336120605e+00
1.862780451774597168e+00
1.828836441040039062e+00
1.824714660644531250e+00
1.818264365196228027e+00
1.805381536483764648e+00
1.777085185050964355e+00
1.751453876495361328e+00
1.893109798431396484e+00
1.962475419044494629e+00
1.888497352600097656e+00
1.797758817672729492e+00
1.784879088401794434e+00
1.784301280975341797e+00
1.765027523040771484e+00
1.729124546051025391e+00
1.694550871849060059e+00
1.692679643630981445e+00
1.728912115097045898e+00
1.743177652359008789e+00
1.735234737396240234e+00
1.714673876762390137e+00
1.746057033538818359e+00
1.763098716735839844e+00
1.814501047134399414e+00
1.816525340080261230e+00
1.836078882217407227e+00
1.849970340728759766e+00
1.812806367874145508e+00
1.791498661041259766e+00
1.763154745101928711e+00
1.737302303314208984e+00
1.707335472106933594e+00
1.694536209106445312e+00
1.713148236274719238e+00
1.728515148162841797e+00
1.790408611297607422e+00
1.872404217720031738e+00
1.902305126190185547e+00
1.860377311706542969e+00
1.830149173736572266e+00
1.816622138023376465e+00
1.760110139846801758e+00
1.700354337692260742e+00
1.751021862030029297e+00
1.755318403244018555e+00
1.736361026763916016e+00
1.709057807922363281e+00
1.715835928916931152e+00
1.778024077415466309e+00
1.774434328079223633e+00
1.748677372932434082e+00
1.697957992553710938e+00
1.646880388259887695e+00
1.660500288009643555e+00
1.681333780288696289e+00
1.698035359382629395e+00
1.683048844337463379e+00
1.647749662399291992e+00
1.598967075347900391e+00
1.574521660804748535e+00
1.586306691169738770e+00
1.594004750251770020e+00
1.863313078880310059e+00
1.954220771789550781e+00
1.919637680053710938e+00
1.825828552246093750e+00
1.824136257171630859e+00
1.778661608695983887e+00
1.732698082923889160e+00
1.703193902969360352e+00
1.666716098785400391e+00
1.629512906074523926e+00
1.587406516075134277e+00
1.551844358444213867e+00
1.578940868377685547e+00
1.631584882736206055e+00
1.656862258911132812e+00
1.648485422134399414e+00
1.624347686767578125e+00
1.624343752861022949e+00
1.651562929153442383e+00
1.644426345825195312e+00
1.637538075447082520e+00
1.639212250709533691e+00
1.631748795509338379e+00
1.617781162261962891e+00
1.590239524841308594e+00
1.554584145545959473e+00
1.518415570259094238e+00
1.511788129806518555e+00
1.486886024475097656e+00
1.475536346435546875e+00
1.489957332611083984e+00
1.500699281692504883e+00
1.541606068611145020e+00
1.604551076889038086e+00
1.781312704086303711e+00
1.848973155021667480e+00
1.816218018531799316e+00
1.760355949401855469e+00
1.709392070770263672e+00
1.651226758956909180e+00
1.596565485000610352e+00
1.626821756362915039e+00
1.632142663002014160e+00
1.663589954376220703e+00
1.705945134162902832e+00
1.726116895675659180e+00
1.719076395034790039e+00
1.689567565917968750e+00
1.630393862724304199e+00
1.568932652473449707e+00
1.529107332229614258e+00
1.593967676162719727e+00
1.662061333656311035e+00
1.840525746345520020e+00
1.877339482307434082e+00
1.892110347747802734e+00
1.891153693199157715e+00
1.908682823181152344e+00
1.884492874145507812e+00
1.802180528640747070e+00
1.775408744812011719e+00
1.784100770950317383e+00
1.804376840591430664e+00
1.835589170455932617e+00
1.837425470352172852e+00
1.841338396072387695e+00
1.850605249404907227e+00
1.856978893280029297e+00
1.855672478675842285e+00
1.839593410491943359e+00
1.870854377746582031e+00
1.869197607040405273e+00
1.801211953163146973e+00
1.783747076988220215e+00
1.776337862014770508e+00
1.778295636177062988e+00
1.795059323310852051e+00
1.829584717750549316e+00
1.847478866577148438e+00
1.860810756683349609e+00
1.865472674369812012e+00
1.898151278495788574e+00
1.953307390213012695e+00
1.933568835258483887e+00
1.901694774627685547e+00
1.996494054794311523e+00
2.072047233581542969e+00
2.047206401824951172e+00
1.980913639068603516e+00
1.927340269088745117e+00
1.885987520217895508e+00
1.862520813941955566e+00
1.877168774604797363e+00
1.891923308372497559e+00
1.908631682395935059e+00
1.971573591232299805e+00
1.981023192405700684e+00
1.989123225212097168e+00
1.968119978904724121e+00
1.943559765815734863e+00
1.941548109054565430e+00
1.950303196907043457e+00
1.970173716545104980e+00
1.981122970581054688e+00
2.057484149932861328e+00
2.064059257507324219e+00
2.015811443328857422e+00
1.981403589248657227e+00
1.961283206939697266e+00
1.961229443550109863e+00
1.962546229362487793e+00
1.971149086952209473e+00
1.977614521980285645e+00
1.979197740554809570e+00
2.049977540969848633e+00
2.096622705459594727e+00
2.072521686553955078e+00
2.021037101745605469e+00
2.018232107162475586e+00
1.981530189514160156e+00
1.938467383384704590e+00
1.908101916313171387e+00
1.888728976249694824e+00
1.874000310897827148e+00
1.857493877410888672e+00
1.846331715583801270e+00
1.847766041755676270e+00
1.865681529045104980e+00
1.895756006240844727e+00
1.919729113578796387e+00
1.941817998886108398e+00
1.962099671363830566e+00
1.983288288116455078e+00
1.996069908142089844e+00
1.978438735008239746e+00
1.955818772315979004e+00
1.943609476089477539e+00
1.942547917366027832e+00
1.941954135894775391e+00
1.986795663833618164e+00
1.988986253738403320e+00
1.992376089096069336e+00
1.989150047302246094e+00
1.982240915298461914e+00
1.978107810020446777e+00
1.974200725555419922e+00
1.965320348739624023e+00
1.989285469055175781e+00
2.006656169891357422e+00
2.019459009170532227e+00
2.032447338104248047e+00
2.071990489959716797e+00
2.069514989852905273e+00
2.036249876022338867e+00
2.002230167388916016e+00
2.000217437744140625e+00
2.038048267364501953e+00
2.071345329284667969e+00
2.048877716064453125e+00
2.017194509506225586e+00
1.987596511840820312e+00
1.967367649078369141e+00
1.976583003997802734e+00
1.999986171722412109e+00
2.020304918289184570e+00
2.027473449707031250e+00
2.043318986892700195e+00
2.042263984680175781e+00
2.052445173263549805e+00
2.054189920425415039e+00
2.045830011367797852e+00
2.034928798675537109e+00
2.035092353820800781e+00
2.037932872772216797e+00
2.035521030426025391e+00
2.104174137115478516e+00
2.112146377563476562e+00
2.113623380661010742e+00
2.077713251113891602e+00
2.058449268341064453e+00
2.042486429214477539e+00
2.033688068389892578e+00
2.030614376068115234e+00
2.035923004150390625e+00
2.084495544433593750e+00
2.149321556091308594e+00
2.161990642547607422e+00
2.146652698516845703e+00
2.118494987487792969e+00
2.099471807479858398e+00
2.095813751220703125e+00
2.104056358337402344e+00
2.113155603408813477e+00
2.114207029342651367e+00
2.110394239425659180e+00
2.096881628036499023e+00
2.209415197372436523e+00
2.292818784713745117e+00
2.253471374511718750e+00
2.195961236953735352e+00
2.317603111267089844e+00
2.350220680236816406e+00
2.295005083084106445e+00
2.236953496932983398e+00
2.199548721313476562e+00
2.219895839691162109e+00
2.250667095184326172e+00
2.225423097610473633e+00
2.190309047698974609e+00
2.160051584243774414e+00
2.145943641662597656e+00
2.140440702438354492e+00
2.138598442077636719e+00
2.133857727050781250e+00
2.123612642288208008e+00
2.105606555938720703e+00
2.091390132904052734e+00
2.220474243164062500e+00
2.267084360122680664e+00
2.233192920684814453e+00
2.179036378860473633e+00
2.155970573425292969e+00
2.139343738555908203e+00
2.112796068191528320e+00
2.104244947433471680e+00
2.293821811676025391e+00
2.360892295837402344e+00
2.319824934005737305e+00
2.267033338546752930e+00
2.222434282302856445e+00
2.186265468597412109e+00
2.166107177734375000e+00
2.154048919677734375e+00
2.153424263000488281e+00
2.115448951721191406e+00
2.090006351470947266e+00
2.069493532180786133e+00
2.047541141510009766e+00
2.027358055114746094e+00
2.005754232406616211e+00
1.983249545097351074e+00
1.960989952087402344e+00
1.941951751708984375e+00
1.937169313430786133e+00
2.100061893463134766e+00
2.179325342178344727e+00
2.153827190399169922e+00
2.092582225799560547e+00
2.058635473251342773e+00
2.045172691345214844e+00
2.038687229156494141e+00
2.028867959976196289e+00
2.017416477203369141e+00
2.134782075881958008e+00
2.330584049224853516e+00
2.355969429016113281e+00
2.243574857711791992e+00
2.141443252563476562e+00
2.071665287017822266e+00
2.060456037521362305e+00
2.109510660171508789e+00
2.093674659729003906e+00
2.056038379669189453e+00
2.013182163238525391e+00
1.972825407981872559e+00
2.086255550384521484e+00
2.196066856384277344e+00
2.171200513839721680e+00
2.111263990402221680e+00
2.055938720703125000e+00
2.021072864532470703e+00
2.008686542510986328e+00
1.997153639793395996e+00
1.979310274124145508e+00
1.957516312599182129e+00
1.922898769378662109e+00
1.904570341110229492e+00
1.893578767776489258e+00
1.870249867439270020e+00
1.845458626747131348e+00
1.822907209396362305e+00
1.831843137741088867e+00
1.825870394706726074e+00
1.828405261039733887e+00
1.834683775901794434e+00
1.952874779701232910e+00
1.982634425163269043e+00
1.975747227668762207e+00
1.952304840087890625e+00
1.914000988006591797e+00
1.888632297515869141e+00
1.877812862396240234e+00
1.866305470466613770e+00
1.856531977653503418e+00
1.823955893516540527e+00
1.819043517112731934e+00
1.817140460014343262e+00
1.865506172180175781e+00
1.867378354072570801e+00
1.836398482322692871e+00
1.815986871719360352e+00
1.797662377357482910e+00
1.786680221557617188e+00
1.764944314956665039e+00
1.792132258415222168e+00
1.969909191131591797e+00
2.019545555114746094e+00
1.974544763565063477e+00
1.924031019210815430e+00
1.883525848388671875e+00
1.857152819633483887e+00
1.825228810310363770e+00
1.790983438491821289e+00
1.793626427650451660e+00
1.786678910255432129e+00
1.756669759750366211e+00
1.751706123352050781e+00
1.733950138092041016e+00
1.698207378387451172e+00
1.652304530143737793e+00
1.618950128555297852e+00
1.631659030914306641e+00
1.696282625198364258e+00
1.705922603607177734e+00
1.706590414047241211e+00
1.792377471923828125e+00
1.854369163513183594e+00
1.843685626983642578e+00
1.822440266609191895e+00
1.787492990493774414e+00
1.746904134750366211e+00
1.667330980300903320e+00
1.602293968200683594e+00
1.581741929054260254e+00
1.590214610099792480e+00
1.618897557258605957e+00
1.631156206130981445e+00
1.648718118667602539e+00
1.636697053909301758e+00
1.627078771591186523e+00
1.598156690597534180e+00
1.541415095329284668e+00
1.490922451019287109e+00
1.543999910354614258e+00
1.533486127853393555e+00
1.502015829086303711e+00
1.486205339431762695e+00
1.482305526733398438e+00
1.478319764137268066e+00
1.478782415390014648e+00
1.507999420166015625e+00
1.546675324440002441e+00
1.596768260002136230e+00
1.612025260925292969e+00
1.616485834121704102e+00
1.617272257804870605e+00
1.627163171768188477e+00
1.625385403633117676e+00
1.624924421310424805e+00
1.626578807830810547e+00
1.655510663986206055e+00
1.694769382476806641e+00
1.688601016998291016e+00
1.732949733734130859e+00
1.709803223609924316e+00
1.658432483673095703e+00
1.612088203430175781e+00
1.567155003547668457e+00
1.532872915267944336e+00
1.549699306488037109e+00
1.557922840118408203e+00
1.577167391777038574e+00
1.617737054824829102e+00
1.644685029983520508e+00
1.655829906463623047e+00
1.640142440795898438e+00
1.615159988403320312e+00
1.594745397567749023e+00
1.580876231193542480e+00
1.565735459327697754e+00
1.548835277557373047e+00
1.539789080619812012e+00
1.608387351036071777e+00
1.606401920318603516e+00
1.570993065834045410e+00
1.638263821601867676e+00
1.667017936706542969e+00
1.694204568862915039e+00
1.712225079536437988e+00
1.759303331375122070e+00
1.734473824501037598e+00
1.636411309242248535e+00
1.549460887908935547e+00
1.499735116958618164e+00
1.508112430572509766e+00
1.535957574844360352e+00
1.641629695892333984e+00
1.666968107223510742e+00
1.687723636627197266e+00
1.698183059692382812e+00
1.640404224395751953e+00
1.600845813751220703e+00
1.627843856811523438e+00
1.649706482887268066e+00
1.654468536376953125e+00
1.645152807235717773e+00
1.721958756446838379e+00
1.759701490402221680e+00
1.781137466430664062e+00
1.787083268165588379e+00
1.746486306190490723e+00
1.738849163055419922e+00
1.738560080528259277e+00
1.768049240112304688e+00
1.802803277969360352e+00
1.795945405960083008e+00
1.810640215873718262e+00
1.823016643524169922e+00
1.831591844558715820e+00
1.845987319946289062e+00
1.824663758277893066e+00
1.816063165664672852e+00
1.873257279396057129e+00
1.941424608230590820e+00
1.901013612747192383e+00
1.856696128845214844e+00
1.843607902526855469e+00
1.857856273651123047e+00
1.938715577125549316e+00
1.943767428398132324e+00
1.942015647888183594e+00
1.923890590667724609e+00
1.910714268684387207e+00
1.895557999610900879e+00
1.874144196510314941e+00
1.884125113487243652e+00
1.888261914253234863e+00
1.900460004806518555e+00
2.038143634796142578e+00
2.081432104110717773e+00
2.055458545684814453e+00
2.015040397644042969e+00
1.967786550521850586e+00
1.920063614845275879e+00
1.851740360260009766e+00
1.828646779060363770e+00
1.831175088882446289e+00
1.986451387405395508e+00
2.023493528366088867e+00
1.976834177970886230e+00
1.944373250007629395e+00
1.907146453857421875e+00
1.906686544418334961e+00
1.929438471794128418e+00
1.911642551422119141e+00
1.894986629486083984e+00
1.889049053192138672e+00
1.931359291076660156e+00
1.995738267898559570e+00
1.995854496955871582e+00
1.976268768310546875e+00
1.949847817420959473e+00
1.987075686454772949e+00
1.978274822235107422e+00
1.944490909576416016e+00
1.935279250144958496e+00
1.928444981575012207e+00
1.919462323188781738e+00
1.916135072708129883e+00
1.911633253097534180e+00
1.925638198852539062e+00
1.944402098655700684e+00
1.917092680931091309e+00
1.897519111633300781e+00
1.902436614036560059e+00
1.902308702468872070e+00
2.011260747909545898e+00
2.050652980804443359e+00
2.028699159622192383e+00
1.993222713470458984e+00
1.952163934707641602e+00
1.925562024116516113e+00
1.940318107604980469e+00
1.957063317298889160e+00
1.962482571601867676e+00
2.218860864639282227e+00
2.286707401275634766e+00
2.204675197601318359e+00
2.128975868225097656e+00
2.075284242630004883e+00
2.040532827377319336e+00
2.051485538482666016e+00
2.037034988403320312e+00
1.995642423629760742e+00
1.968591094017028809e+00
1.943396210670471191e+00
1.942028641700744629e+00
2.085070610046386719e+00
2.221042156219482422e+00
2.220988512039184570e+00
2.181247949600219727e+00
2.150560140609741211e+00
2.082320690155029297e+00
2.025979995727539062e+00
2.000013113021850586e+00
1.986324548721313477e+00
2.015455484390258789e+00
2.006220340728759766e+00
2.139400243759155273e+00
2.154615879058837891e+00
2.114119529724121094e+00
2.085463047027587891e+00
2.065068483352661133e+00
2.041272878646850586e+00
2.049643039703369141e+00
2.060664415359497070e+00
2.074701786041259766e+00
2.081425428390502930e+00
2.077330350875854492e+00
2.071204423904418945e+00
2.045362472534179688e+00
2.039332866668701172e+00
2.133214950561523438e+00
2.161783695220947266e+00
2.148015022277832031e+00
2.130390167236328125e+00
2.174940109252929688e+00
2.178495168685913086e+00
2.149883985519409180e+00
2.123372316360473633e+00
2.103239774703979492e+00
2.076942682266235352e+00
2.123068809509277344e+00
2.137024164199829102e+00
2.134884357452392578e+00
2.295389890670776367e+00
2.354369640350341797e+00
2.310095071792602539e+00
2.252803802490234375e+00
2.210273265838623047e+00
2.180967807769775391e+00
2.174471139907836914e+00
2.161026716232299805e+00
2.143282175064086914e+00
2.133730411529541016e+00
2.170228958129882812e+00
2.326933145523071289e+00
2.355948209762573242e+00
2.288644075393676758e+00
2.229743719100952148e+00
2.190667867660522461e+00
2.168092966079711914e+00
2.154639959335327148e+00
2.144989728927612305e+00
2.133538961410522461e+00
2.121662378311157227e+00
2.112433671951293945e+00
2.110926628112792969e+00
2.113902330398559570e+00
2.114452838897705078e+00
2.117999315261840820e+00
2.121149063110351562e+00
2.150620698928833008e+00
2.139519214630126953e+00
2.125810384750366211e+00
2.112600088119506836e+00
2.107600212097167969e+00
2.104758977890014648e+00
2.088012933731079102e+00
2.060395240783691406e+00
1.995414495468139648e+00
1.965775370597839355e+00
2.029580831527709961e+00
2.154670953750610352e+00
2.185389518737792969e+00
2.161040306091308594e+00
2.137700557708740234e+00
2.117656946182250977e+00
2.107012748718261719e+00
2.108108043670654297e+00
2.243571519851684570e+00
2.290720701217651367e+00
2.248473882675170898e+00
2.198732614517211914e+00
2.164015531539916992e+00
2.117639541625976562e+00
2.144169569015502930e+00
2.165211915969848633e+00
2.131740570068359375e+00
2.109371662139892578e+00
2.099911928176879883e+00
2.086006879806518555e+00
2.060236215591430664e+00
2.026601552963256836e+00
2.011731147766113281e+00
2.012366056442260742e+00
2.014725923538208008e+00
2.012803792953491211e+00
2.018689632415771484e+00
2.191565275192260742e+00
2.215475559234619141e+00
2.153860092163085938e+00
2.084304809570312500e+00
2.033587694168090820e+00
2.102145433425903320e+00
2.108917474746704102e+00
2.066180706024169922e+00
2.037989139556884766e+00
2.021358251571655273e+00
2.011841297149658203e+00
2.026597738265991211e+00
2.059779644012451172e+00
2.049865961074829102e+00
2.040890455245971680e+00
2.109190702438354492e+00
2.157604455947875977e+00
2.148256540298461914e+00
2.112047910690307617e+00
2.081068038940429688e+00
2.031228303909301758e+00
2.004014253616333008e+00
2.076770305633544922e+00
2.082198143005371094e+00
2.042107343673706055e+00
2.200941801071166992e+00
2.231729984283447266e+00
2.172229051589965820e+00
2.111421585083007812e+00
2.065980672836303711e+00
2.036742687225341797e+00
2.024772167205810547e+00
2.019942045211791992e+00
2.043321371078491211e+00
2.025931596755981445e+00
2.041844606399536133e+00
2.044424772262573242e+00
2.009535312652587891e+00
1.989352226257324219e+00
2.004125595092773438e+00
2.023727178573608398e+00
2.000596284866333008e+00
1.983430385589599609e+00
1.976274371147155762e+00
1.991914272308349609e+00
1.969211697578430176e+00
1.930396199226379395e+00
1.998299360275268555e+00
2.000899076461791992e+00
1.952367067337036133e+00
1.932510137557983398e+00
1.983841061592102051e+00
1.992289543151855469e+00
1.964148879051208496e+00
1.936446309089660645e+00
1.979209423065185547e+00
1.963667154312133789e+00
1.928653955459594727e+00
1.904936432838439941e+00
1.905347824096679688e+00
1.908442497253417969e+00
1.887920498847961426e+00
1.839961171150207520e+00
1.823600649833679199e+00
1.839620590209960938e+00
1.937074542045593262e+00
1.974226593971252441e+00
1.965341329574584961e+00
1.936609148979187012e+00
1.889363765716552734e+00
1.830047726631164551e+00
1.790455102920532227e+00
1.791777729988098145e+00
1.787875890731811523e+00
1.794388175010681152e+00
1.799779891967773438e+00
1.831487774848937988e+00
1.811740159988403320e+00
1.770009756088256836e+00
1.775727868080139160e+00
1.795228362083435059e+00
1.804659008979797363e+00
1.799132108688354492e+00
1.756634831428527832e+00
1.692688703536987305e+00
1.646590113639831543e+00
1.609285712242126465e+00
1.640465140342712402e+00
1.659037351608276367e+00
1.623241186141967773e+00
1.611328601837158203e+00
1.633115649223327637e+00
1.627938747406005859e+00
1.621487379074096680e+00
1.635201811790466309e+00
1.704548001289367676e+00
1.687914729118347168e+00
1.642308235168457031e+00
1.610531926155090332e+00
1.643035292625427246e+00
1.706027984619140625e+00
1.728309869766235352e+00
1.733758687973022461e+00
1.693819761276245117e+00
1.677820682525634766e+00
1.665215611457824707e+00
1.633537769317626953e+00
1.586142897605895996e+00
1.540298461914062500e+00
1.548266291618347168e+00
1.536087989807128906e+00
1.515515804290771484e+00
1.534160494804382324e+00
1.534381389617919922e+00
1.551718115806579590e+00
1.617192387580871582e+00
1.633964657783508301e+00
1.612187147140502930e+00
1.589855909347534180e+00
1.572234749794006348e+00
1.543550729751586914e+00
1.500757694244384766e+00
1.437773942947387695e+00
1.377098798751831055e+00
1.342315912246704102e+00
1.345181107521057129e+00
1.442607283592224121e+00
1.463683128356933594e+00
1.515872478485107422e+00
1.526835083961486816e+00
1.517975926399230957e+00
1.506477594375610352e+00
1.505055665969848633e+00
1.563358783721923828e+00
1.559336662292480469e+00
1.526529669761657715e+00
1.558093905448913574e+00
1.619303226470947266e+00
1.663071274757385254e+00
1.682176828384399414e+00
1.730556249618530273e+00
1.723672389984130859e+00
1.726534724235534668e+00
1.718306303024291992e+00
1.713268876075744629e+00
1.673944711685180664e+00
1.666199922561645508e+00
1.672494649887084961e+00
1.677181005477905273e+00
1.730232477188110352e+00
1.704771399497985840e+00
1.653917193412780762e+00
1.723326206207275391e+00
1.745525240898132324e+00
1.759650826454162598e+00
1.767650365829467773e+00
1.767633557319641113e+00
1.746476173400878906e+00
1.688123226165771484e+00
1.665568828582763672e+00
1.643988251686096191e+00
1.657815933227539062e+00
1.678390264511108398e+00
1.687722086906433105e+00
1.707680940628051758e+00
1.729111194610595703e+00
1.746475458145141602e+00
1.847601175308227539e+00
1.856122732162475586e+00
1.808354616165161133e+00
1.753565788269042969e+00
1.746832609176635742e+00
1.747063159942626953e+00
1.738757491111755371e+00
1.728841543197631836e+00
1.705405116081237793e+00
1.688327670097351074e+00
1.688125491142272949e+00
1.689998745918273926e+00
1.688478589057922363e+00
1.690086722373962402e+00
1.718967676162719727e+00
1.745181798934936523e+00
1.751264810562133789e+00
1.751385807991027832e+00
1.839963316917419434e+00
2.092013359069824219e+00
2.111797332763671875e+00
1.979137778282165527e+00
1.894866108894348145e+00
1.868869543075561523e+00
1.811364531517028809e+00
1.774771928787231445e+00
1.770942568778991699e+00
1.786888003349304199e+00
1.795387387275695801e+00
1.792245745658874512e+00
1.781266093254089355e+00
1.786381125450134277e+00
1.797303795814514160e+00
1.784507155418395996e+00
1.775376081466674805e+00
1.756059765815734863e+00
1.770716547966003418e+00
1.806473731994628906e+00
1.831585407257080078e+00
1.836762785911560059e+00
1.850800991058349609e+00
1.860457777976989746e+00
1.862116336822509766e+00
1.860608935356140137e+00
1.850984811782836914e+00
1.896001100540161133e+00
1.927676558494567871e+00
1.877587318420410156e+00
1.807489752769470215e+00
1.757025837898254395e+00
1.753340244293212891e+00
1.769899368286132812e+00
1.791111111640930176e+00
1.809000730514526367e+00
1.812063217163085938e+00
1.803856372833251953e+00
1.834486842155456543e+00
1.996307969093322754e+00
2.116490840911865234e+00
2.094373226165771484e+00
2.014116287231445312e+00
1.920401811599731445e+00
1.898829579353332520e+00
1.871553659439086914e+00
1.837918519973754883e+00
1.805654048919677734e+00
1.794276952743530273e+00
1.803271174430847168e+00
1.817953467369079590e+00
1.834182620048522949e+00
1.842191934585571289e+00
1.836200118064880371e+00
1.825489997863769531e+00
1.835474967956542969e+00
1.854629516601562500e+00
1.858268737792968750e+00
1.848928213119506836e+00
1.930563211441040039e+00
1.962739229202270508e+00
1.953404068946838379e+00
1.953970909118652344e+00
1.951876997947692871e+00
1.948272109031677246e+00
1.980762839317321777e+00
2.060853958129882812e+00
2.069535017013549805e+00
2.022841930389404297e+00
1.994222044944763184e+00
1.975521564483642578e+00
1.956966757774353027e+00
1.925159335136413574e+00
2.046799659729003906e+00
2.070347070693969727e+00
2.015941858291625977e+00
1.987056136131286621e+00
1.973621368408203125e+00
2.026779174804687500e+00
2.042530298233032227e+00
2.040604352951049805e+00
2.042450666427612305e+00
2.045049905776977539e+00
2.041405200958251953e+00
2.037070751190185547e+00
2.038870334625244141e+00
2.048806905746459961e+00
2.022716045379638672e+00
2.009031534194946289e+00
1.992707371711730957e+00
1.959476232528686523e+00
1.944623947143554688e+00
1.945574045181274414e+00
1.921294450759887695e+00
1.915134906768798828e+00
1.926385998725891113e+00
1.937123775482177734e+00
1.937536954879760742e+00
1.964300274848937988e+00
1.999711751937866211e+00
2.023470640182495117e+00
2.037732601165771484e+00
2.035934686660766602e+00
2.025891542434692383e+00
2.026765108108520508e+00
2.087977170944213867e+00
2.128635644912719727e+00
2.122069597244262695e+00
2.100094079971313477e+00
2.088091135025024414e+00
2.101492166519165039e+00
2.138565063476562500e+00
2.129109859466552734e+00
2.082012653350830078e+00
2.011838436126708984e+00
2.072113752365112305e+00
2.087368965148925781e+00
2.038367033004760742e+00
1.982852816581726074e+00
2.111720800399780273e+00
2.184039115905761719e+00
2.164899110794067383e+00
2.103828907012939453e+00
2.051294803619384766e+00
2.014876365661621094e+00
2.004629135131835938e+00
2.013581037521362305e+00
2.024443387985229492e+00
2.033218383789062500e+00
2.033010721206665039e+00
2.026652574539184570e+00
2.015493869781494141e+00
2.000278234481811523e+00
2.010923147201538086e+00
2.135157108306884766e+00
2.183460235595703125e+00
2.174203157424926758e+00
2.157586336135864258e+00
2.147967338562011719e+00
2.140415430068969727e+00
2.127270698547363281e+00
2.103257179260253906e+00
2.087986230850219727e+00
2.087007761001586914e+00
2.090272426605224609e+00
2.145727396011352539e+00
2.162131786346435547e+00
2.142260074615478516e+00
2.114447832107543945e+00
2.086979150772094727e+00
2.057979583740234375e+00
2.034224987030029297e+00
2.030596017837524414e+00
2.069498062133789062e+00
2.113914966583251953e+00
2.123153686523437500e+00
2.120280742645263672e+00
2.180889844894409180e+00
2.233215332031250000e+00
2.212944984436035156e+00
2.180109024047851562e+00
2.158894538879394531e+00
2.148129701614379883e+00
2.183987379074096680e+00
2.191109418869018555e+00
2.141181945800781250e+00
2.218141317367553711e+00
2.217793703079223633e+00
2.174802303314208984e+00
2.143944740295410156e+00
2.124445915222167969e+00
2.099014997482299805e+00
2.037774562835693359e+00
1.976002931594848633e+00
1.938392162322998047e+00
1.967455983161926270e+00
1.963546872138977051e+00
1.954391121864318848e+00
1.961041927337646484e+00
2.010323524475097656e+00
2.003803253173828125e+00
1.979727864265441895e+00
1.969086647033691406e+00
1.967590093612670898e+00
1.964798569679260254e+00
1.960382103919982910e+00
1.968961000442504883e+00
1.973151922225952148e+00
1.979550361633300781e+00
1.988601207733154297e+00
1.994715929031372070e+00
2.004852056503295898e+00
2.013897418975830078e+00
2.053011655807495117e+00
2.087631940841674805e+00
2.098163604736328125e+00
2.097499370574951172e+00
2.081936120986938477e+00
2.055670022964477539e+00
2.037536859512329102e+00
2.029372692108154297e+00
2.082803010940551758e+00
2.068833351135253906e+00
2.026147842407226562e+00
1.990281701087951660e+00
1.973043441772460938e+00
1.960714101791381836e+00
1.956368088722229004e+00
1.966853976249694824e+00
1.961453437805175781e+00
1.965646624565124512e+00
1.959534525871276855e+00
1.944568753242492676e+00
1.949295520782470703e+00
1.961087584495544434e+00
1.967883944511413574e+00
1.962424159049987793e+00
1.986906528472900391e+00
1.984892964363098145e+00
1.962642073631286621e+00
1.952808856964111328e+00
1.949621558189392090e+00
1.946375250816345215e+00
1.944539189338684082e+00
1.928563952445983887e+00
1.914476275444030762e+00
1.937910318374633789e+00
1.950966358184814453e+00
1.952521443367004395e+00
1.947778820991516113e+00
1.952531099319458008e+00
2.061112880706787109e+00
2.056494712829589844e+00
1.981625437736511230e+00
1.981270670890808105e+00
1.973699092864990234e+00
2.027588367462158203e+00
2.008047580718994141e+00
1.948688864707946777e+00
1.899390459060668945e+00
1.913966178894042969e+00
1.886985063552856445e+00
1.857837677001953125e+00
1.812727808952331543e+00
1.787326097488403320e+00
1.820539712905883789e+00
1.836230754852294922e+00
1.863373279571533203e+00
1.899585723876953125e+00
1.873989462852478027e+00
1.821561336517333984e+00
1.764119982719421387e+00
1.720381736755371094e+00
1.769933819770812988e+00
1.780197381973266602e+00
1.752153396606445312e+00
1.732577443122863770e+00
1.714140892028808594e+00
1.699348449707031250e+00
1.715919733047485352e+00
1.737533807754516602e+00
1.771274685859680176e+00
1.763163208961486816e+00
1.738906502723693848e+00
1.739626049995422363e+00
1.750643968582153320e+00
1.762152433395385742e+00
1.733848571777343750e+00
1.676005840301513672e+00
1.602937221527099609e+00
1.572003960609436035e+00
1.622338414192199707e+00
1.658486485481262207e+00
1.668448686599731445e+00
1.658838868141174316e+00
1.651770353317260742e+00
1.633619666099548340e+00
1.640410542488098145e+00
1.674977421760559082e+00
1.682595491409301758e+00
1.661071300506591797e+00
1.620338678359985352e+00
1.579378604888916016e+00
1.577657938003540039e+00
1.610825061798095703e+00
1.627535700798034668e+00
1.617192029953002930e+00
1.585241317749023438e+00
1.546735286712646484e+00
1.538596391677856445e+00
1.561876177787780762e+00
1.593339681625366211e+00
1.610077619552612305e+00
1.599107623100280762e+00
1.604855537414550781e+00
1.675116062164306641e+00
1.728373289108276367e+00
1.890878915786743164e+00
1.929273247718811035e+00
1.848102688789367676e+00
1.736541509628295898e+00
1.650407433509826660e+00
1.601519107818603516e+00
1.578251838684082031e+00
1.538662552833557129e+00
1.502790212631225586e+00
1.477877378463745117e+00
1.458600163459777832e+00
1.459110498428344727e+00
1.468662738800048828e+00
1.481695175170898438e+00
1.502343297004699707e+00
1.509537935256958008e+00
1.498092889785766602e+00
1.513408184051513672e+00
1.582854032516479492e+00
1.596342802047729492e+00
1.589152336120605469e+00
1.618013620376586914e+00
1.632804274559020996e+00
1.622920155525207520e+00
1.607308387756347656e+00
1.582336902618408203e+00
1.563470602035522461e+00
1.556439876556396484e+00
1.550697326660156250e+00
1.542533636093139648e+00
1.510730624198913574e+00
1.487839460372924805e+00
1.504933118820190430e+00
1.568171381950378418e+00
1.619729757308959961e+00
1.631232500076293945e+00
1.612124562263488770e+00
1.642255544662475586e+00
1.653591036796569824e+00
1.662044763565063477e+00
1.675924777984619141e+00
1.676054954528808594e+00
1.697860002517700195e+00
1.719412326812744141e+00
1.713976383209228516e+00
1.737823367118835449e+00
1.740252614021301270e+00
1.733572959899902344e+00
1.748406887054443359e+00
1.752091646194458008e+00
1.745849967002868652e+00
1.728358507156372070e+00
1.770443439483642578e+00
1.790807366371154785e+00
1.821188926696777344e+00
1.820752263069152832e+00
1.827499628067016602e+00
1.826897382736206055e+00
1.797778129577636719e+00
1.806111693382263184e+00
1.803298711776733398e+00
1.814038395881652832e+00
1.816645979881286621e+00
1.782817721366882324e+00
1.793422102928161621e+00
1.807605862617492676e+00
1.820113062858581543e+00
1.932286739349365234e+00
1.933043718338012695e+00
1.923074126243591309e+00
1.907332181930541992e+00
1.884841084480285645e+00
1.864869952201843262e+00
1.836559772491455078e+00
1.844815731048583984e+00
1.851323723793029785e+00
1.846425890922546387e+00
1.831897139549255371e+00
1.810276508331298828e+00
1.844724297523498535e+00
1.868072271347045898e+00
1.986193180084228516e+00
2.010057449340820312e+00
1.941747784614562988e+00
1.859418034553527832e+00
1.793084740638732910e+00
1.773789167404174805e+00
1.766330838203430176e+00
1.749703049659729004e+00
1.881788611412048340e+00
1.912177681922912598e+00
1.881112337112426758e+00
1.848405361175537109e+00
1.841628313064575195e+00
1.829790830612182617e+00
1.826939344406127930e+00
2.027429819107055664e+00
2.036134004592895508e+00
1.973767280578613281e+00
1.906565189361572266e+00
1.848485827445983887e+00
1.821054935455322266e+00
2.015051841735839844e+00
2.271449089050292969e+00
2.270914316177368164e+00
2.159077405929565430e+00
2.064936876296997070e+00
1.995888829231262207e+00
2.033724784851074219e+00
2.038786888122558594e+00
1.988159060478210449e+00
1.949350237846374512e+00
1.920559048652648926e+00
2.104040384292602539e+00
2.156404972076416016e+00
2.105719804763793945e+00
2.061231374740600586e+00
2.120014190673828125e+00
2.202451705932617188e+00
2.188740253448486328e+00
2.279428720474243164e+00
2.376911878585815430e+00
2.323000907897949219e+00
2.195189714431762695e+00
2.111525058746337891e+00
2.123652458190917969e+00
2.107012271881103516e+00
2.051801681518554688e+00
1.993566393852233887e+00
1.958835721015930176e+00
1.939982652664184570e+00
1.953896880149841309e+00
1.966313958168029785e+00
2.024120330810546875e+00
2.035540819168090820e+00
2.021677494049072266e+00
2.021782398223876953e+00
2.055478811264038086e+00
2.058620214462280273e+00
2.065118312835693359e+00
2.052158594131469727e+00
2.042257308959960938e+00
2.059328317642211914e+00
2.060488939285278320e+00
2.053537130355834961e+00
2.148351907730102539e+00
2.178949356079101562e+00
2.151429414749145508e+00
2.121160984039306641e+00
2.099311113357543945e+00
2.127359390258789062e+00
2.163678884506225586e+00
2.149588584899902344e+00
2.109311819076538086e+00
2.072831153869628906e+00
2.051125288009643555e+00
2.120465517044067383e+00
2.141380310058593750e+00
2.085936784744262695e+00
2.017132759094238281e+00
1.971712708473205566e+00
1.954796195030212402e+00
1.970636248588562012e+00
1.967099189758300781e+00
1.951714038848876953e+00
1.956425309181213379e+00
1.978328943252563477e+00
1.996109843254089355e+00
2.011960983276367188e+00
2.030496835708618164e+00
2.062422275543212891e+00
2.074234485626220703e+00
2.082001924514770508e+00
2.085453271865844727e+00
2.087806701660156250e+00
2.086507081985473633e+00
2.082288503646850586e+00
2.079488515853881836e+00
2.071604967117309570e+00
2.172983169555664062e+00
2.202228069305419922e+00
2.169329881668090820e+00
2.128947973251342773e+00
2.117970705032348633e+00
2.099584102630615234e+00
2.042548894882202148e+00
2.219730377197265625e+00
2.290803909301757812e+00
2.238291740417480469e+00
2.173542022705078125e+00
2.142729997634887695e+00
2.218297004699707031e+00
2.220067739486694336e+00
2.175532579421997070e+00
2.433166503906250000e+00
2.509984970092773438e+00
2.419077157974243164e+00
2.315051555633544922e+00
2.230774641036987305e+00
2.177096843719482422e+00
2.146810054779052734e+00
2.129145145416259766e+00
2.124306440353393555e+00
2.122677564620971680e+00
2.121316432952880859e+00
2.131401062011718750e+00
2.161573648452758789e+00
2.122716426849365234e+00
2.071358203887939453e+00
2.101236581802368164e+00
2.105210304260253906e+00
2.111387968063354492e+00
2.118506669998168945e+00
2.125067472457885742e+00
2.161292314529418945e+00
2.179485797882080078e+00
2.160984277725219727e+00
2.149034500122070312e+00
2.188385486602783203e+00
2.426789283752441406e+00
2.514219045639038086e+00
2.399797439575195312e+00
2.325108528137207031e+00
2.230468273162841797e+00
2.132841348648071289e+00
2.069598674774169922e+00
2.038401603698730469e+00
2.033278465270996094e+00
2.041777849197387695e+00
2.097706794738769531e+00
2.118545532226562500e+00
2.113432884216308594e+00
2.114013195037841797e+00
2.112331151962280273e+00
2.145923376083374023e+00
2.189184665679931641e+00
2.182906627655029297e+00
2.167363166809082031e+00
2.153774499893188477e+00
2.141787528991699219e+00
2.122059345245361328e+00
2.090141534805297852e+00
2.050640583038330078e+00
2.024449348449707031e+00
2.020105838775634766e+00
2.024934053421020508e+00
2.027890205383300781e+00
2.109855890274047852e+00
2.098341226577758789e+00
2.048953771591186523e+00
2.012820959091186523e+00
2.008408069610595703e+00
2.010476589202880859e+00
1.999737381935119629e+00
2.003935337066650391e+00
2.020683526992797852e+00
2.035737752914428711e+00
2.042977571487426758e+00
2.043402433395385742e+00
2.046105146408081055e+00
2.038219928741455078e+00
2.029811143875122070e+00
2.028144598007202148e+00
2.030630588531494141e+00
2.005376815795898438e+00
1.980475783348083496e+00
1.991518020629882812e+00
2.013342618942260742e+00
2.129619836807250977e+00
2.136674642562866211e+00
2.094464302062988281e+00
2.054796934127807617e+00
2.055737972259521484e+00
2.033089160919189453e+00
2.251636505126953125e+00
2.325865983963012695e+00
2.260868072509765625e+00
2.169776201248168945e+00
2.089682102203369141e+00
2.022418975830078125e+00
1.963528990745544434e+00
1.971541285514831543e+00
1.955643415451049805e+00
1.944269657135009766e+00
1.973269581794738770e+00
1.976717233657836914e+00
1.987810730934143066e+00
2.003188371658325195e+00
2.091018438339233398e+00
2.087614536285400391e+00
2.038392782211303711e+00
2.011345863342285156e+00
1.985721468925476074e+00
1.942416071891784668e+00
1.935121893882751465e+00
1.945849537849426270e+00
1.949778199195861816e+00
1.937531352043151855e+00
1.978201389312744141e+00
2.107948780059814453e+00
2.160471916198730469e+00
2.112247228622436523e+00
2.055830478668212891e+00
2.008332014083862305e+00
1.970431089401245117e+00
1.930795788764953613e+00
1.908277511596679688e+00
1.993109464645385742e+00
1.992322564125061035e+00
1.916884183883666992e+00
1.856897830963134766e+00
1.813742518424987793e+00
1.804194450378417969e+00
1.828715801239013672e+00
1.870504736900329590e+00
1.902198791503906250e+00
1.904673814773559570e+00
1.933267593383789062e+00
2.000944614410400391e+00
2.002065896987915039e+00
1.952494025230407715e+00
1.897183656692504883e+00
1.850569367408752441e+00
1.825159311294555664e+00
1.813948750495910645e+00
1.788872361183166504e+00
1.769444108009338379e+00
1.798030853271484375e+00
1.804373621940612793e+00
1.764591455459594727e+00
1.695028781890869141e+00
1.626532554626464844e+00
1.597765684127807617e+00
1.583877444267272949e+00
1.591245412826538086e+00
1.621153831481933594e+00
1.654537200927734375e+00
1.681358337402343750e+00
1.700333237648010254e+00
1.696356415748596191e+00
1.813042163848876953e+00
1.913811802864074707e+00
1.968349218368530273e+00
1.996815919876098633e+00
1.999308466911315918e+00
1.935205101966857910e+00
1.853515982627868652e+00
1.786818981170654297e+00
1.754329442977905273e+00
1.737265706062316895e+00
1.704025149345397949e+00
1.659444093704223633e+00
1.792443990707397461e+00
1.854965329170227051e+00
1.828116059303283691e+00
1.895257472991943359e+00
1.904456138610839844e+00
1.830757021903991699e+00
1.825947046279907227e+00
1.766613721847534180e+00
1.705958366394042969e+00
1.644458889961242676e+00
2.003475189208984375e+00
2.094026565551757812e+00
2.001672506332397461e+00
1.898228883743286133e+00
1.786251544952392578e+00
1.677885770797729492e+00
1.734205484390258789e+00
1.750404119491577148e+00
1.716348052024841309e+00
1.699710249900817871e+00
1.675060272216796875e+00
1.647941589355468750e+00
1.637648940086364746e+00
1.623208999633789062e+00
1.593357682228088379e+00
1.577032089233398438e+00
1.587534189224243164e+00
1.594232678413391113e+00
1.601144552230834961e+00
1.596831560134887695e+00
1.587443470954895020e+00
1.573365688323974609e+00
1.556134223937988281e+00
1.531868577003479004e+00
1.504466056823730469e+00
1.477225542068481445e+00
1.555174708366394043e+00
1.614592432975769043e+00
1.616439819335937500e+00
1.632509469985961914e+00
1.664555549621582031e+00
1.673874616622924805e+00
1.669634103775024414e+00
1.675531864166259766e+00
1.668155670166015625e+00
1.650691270828247070e+00
1.638863444328308105e+00
1.641396880149841309e+00
1.653844475746154785e+00
1.644556522369384766e+00
1.601106643676757812e+00
1.564929366111755371e+00
1.540653824806213379e+00
1.556061387062072754e+00
1.568410277366638184e+00
1.567303061485290527e+00
1.576246023178100586e+00
1.585579156875610352e+00
1.601968169212341309e+00
1.612084627151489258e+00
1.601080179214477539e+00
1.600040435791015625e+00
1.591727733612060547e+00
1.601172089576721191e+00
1.599412441253662109e+00
1.578945040702819824e+00
1.601077795028686523e+00
1.671299934387207031e+00
1.703462719917297363e+00
1.691624760627746582e+00
1.647966861724853516e+00
1.620504140853881836e+00
1.691771268844604492e+00
2.085928201675415039e+00
2.208616733551025391e+00
2.085908412933349609e+00
1.947020769119262695e+00
1.834841012954711914e+00
1.764261245727539062e+00
1.743273735046386719e+00
1.727525472640991211e+00
1.712258338928222656e+00
1.714705348014831543e+00
1.734285354614257812e+00
1.757618904113769531e+00
1.775981426239013672e+00
1.788386344909667969e+00
1.879082918167114258e+00
1.859773278236389160e+00
1.823349595069885254e+00
1.816338658332824707e+00
1.821103692054748535e+00
1.797328948974609375e+00
1.817936062812805176e+00
1.846680402755737305e+00
1.871949195861816406e+00
1.872674584388732910e+00
1.938600063323974609e+00
1.958572149276733398e+00
1.954240679740905762e+00
1.920771837234497070e+00
1.905167698860168457e+00
1.894326925277709961e+00
1.858296632766723633e+00
1.852395296096801758e+00
1.856797695159912109e+00
1.855123162269592285e+00
1.867511749267578125e+00
1.873098373413085938e+00
1.867020606994628906e+00
1.901766180992126465e+00
1.926710247993469238e+00
1.893775463104248047e+00
1.854057073593139648e+00
1.823125123977661133e+00
1.804759860038757324e+00
1.810911178588867188e+00
1.849737048149108887e+00
1.852866291999816895e+00
1.906007051467895508e+00
1.919382572174072266e+00
1.909583210945129395e+00
1.907491683959960938e+00
1.908654928207397461e+00
1.912380933761596680e+00
1.903489112854003906e+00
1.877260446548461914e+00
1.881704330444335938e+00
1.914677977561950684e+00
1.966506242752075195e+00
1.959882020950317383e+00
1.930339455604553223e+00
1.910143136978149414e+00
1.912158727645874023e+00
1.930917859077453613e+00
1.950695395469665527e+00
1.964317917823791504e+00
1.964601635932922363e+00
1.942880392074584961e+00
1.958019018173217773e+00
1.939147949218750000e+00
1.907556533813476562e+00
1.882356643676757812e+00
1.874388217926025391e+00
1.895633935928344727e+00
1.933008670806884766e+00
2.021607160568237305e+00
2.049871444702148438e+00
2.035901784896850586e+00
2.023683309555053711e+00
2.018414497375488281e+00
2.181357145309448242e+00
2.390042781829833984e+00
2.406864643096923828e+00
2.276403665542602539e+00
2.148230314254760742e+00
2.062616109848022461e+00
2.157042503356933594e+00
2.194065093994140625e+00
2.144282102584838867e+00
2.074498176574707031e+00
2.022814512252807617e+00
1.981889843940734863e+00
1.961246848106384277e+00
1.944169998168945312e+00
1.915441870689392090e+00
1.897508502006530762e+00
1.923299908638000488e+00
1.928925037384033203e+00
1.967075347900390625e+00
1.979441046714782715e+00
1.982915520668029785e+00
1.980537652969360352e+00
2.018192291259765625e+00
2.098342657089233398e+00
2.103955745697021484e+00
2.082831382751464844e+00
2.055043220520019531e+00
2.028811693191528320e+00
2.003148794174194336e+00
1.980363130569458008e+00
1.992842793464660645e+00
2.012575864791870117e+00
2.059118270874023438e+00
2.073692083358764648e+00
2.063358306884765625e+00
2.088783264160156250e+00
2.068972826004028320e+00
2.038068056106567383e+00
2.025756120681762695e+00
2.070876359939575195e+00
2.157659053802490234e+00
2.165444374084472656e+00
2.129632949829101562e+00
2.090869665145874023e+00
2.059246778488159180e+00
2.033114671707153320e+00
2.152732610702514648e+00
2.200478553771972656e+00
2.180220127105712891e+00
2.157412528991699219e+00
2.137882947921752930e+00
2.106945037841796875e+00
2.083690881729125977e+00
2.053984880447387695e+00
2.129416942596435547e+00
2.205838918685913086e+00
2.194524288177490234e+00
2.204981327056884766e+00
2.256683111190795898e+00
2.246000051498413086e+00
2.213437557220458984e+00
2.219227790832519531e+00
2.188569784164428711e+00
2.130531311035156250e+00
2.081141233444213867e+00
2.119377374649047852e+00
2.173073053359985352e+00
2.148142099380493164e+00
2.112371206283569336e+00
2.097091913223266602e+00
2.101197004318237305e+00
2.105247497558593750e+00
2.100072622299194336e+00
2.091874837875366211e+00
2.085114002227783203e+00
2.155349969863891602e+00
2.173846244812011719e+00
2.154331207275390625e+00
2.140885114669799805e+00
2.130179643630981445e+00
2.100443601608276367e+00
2.067126274108886719e+00
2.042194604873657227e+00
2.021345376968383789e+00
2.026238441467285156e+00
2.035677671432495117e+00
2.051563501358032227e+00
2.062520265579223633e+00
2.103943347930908203e+00
2.085728883743286133e+00
2.062809705734252930e+00
2.024747610092163086e+00
2.007472515106201172e+00
2.015649557113647461e+00
2.092945814132690430e+00
2.160542488098144531e+00
2.170169115066528320e+00
2.161699295043945312e+00
2.157548189163208008e+00
2.165894985198974609e+00
2.135103702545166016e+00
2.108791351318359375e+00
2.106443166732788086e+00
2.211009502410888672e+00
2.240437507629394531e+00
2.213239669799804688e+00
2.185180187225341797e+00
2.164161443710327148e+00
2.152307748794555664e+00
2.136494398117065430e+00
2.129876852035522461e+00
2.112232446670532227e+00
2.107897758483886719e+00
2.108639478683471680e+00
2.178581953048706055e+00
2.184007883071899414e+00
2.131165504455566406e+00
2.078505992889404297e+00
2.030316829681396484e+00
1.982884407043457031e+00
2.005265235900878906e+00
2.007661581039428711e+00
1.999713540077209473e+00
1.993669271469116211e+00
1.985223412513732910e+00
1.971181273460388184e+00
1.977972507476806641e+00
1.960637450218200684e+00
1.951934695243835449e+00
1.978737473487854004e+00
2.000007629394531250e+00
2.018452167510986328e+00
2.077066659927368164e+00
2.086444139480590820e+00
2.051468372344970703e+00
2.034889698028564453e+00
2.028151273727416992e+00
2.038902044296264648e+00
2.129197597503662109e+00
2.122465372085571289e+00
2.078517675399780273e+00
2.038435459136962891e+00
2.015209197998046875e+00
2.000419616699218750e+00
1.988424539566040039e+00
1.979204893112182617e+00
1.981593728065490723e+00
1.982405781745910645e+00
2.142385959625244141e+00
2.173833608627319336e+00
2.127584457397460938e+00
2.087246656417846680e+00
2.027443647384643555e+00
2.039024353027343750e+00
2.022803783416748047e+00
2.004842519760131836e+00
2.105386734008789062e+00
2.166741371154785156e+00
2.126126766204833984e+00
2.083704233169555664e+00
2.031705379486083984e+00
1.981764793395996094e+00
1.955771803855895996e+00
1.982552647590637207e+00
1.962879180908203125e+00
1.977966904640197754e+00
2.069810152053833008e+00
2.065365076065063477e+00
2.009822130203247070e+00
1.982352137565612793e+00
1.944599747657775879e+00
1.911363124847412109e+00
1.885462760925292969e+00
1.868158102035522461e+00
1.873998641967773438e+00
1.870264053344726562e+00
1.857497930526733398e+00
1.872345209121704102e+00
1.885715007781982422e+00
1.880945920944213867e+00
1.859196066856384277e+00
1.809495210647583008e+00
1.777251005172729492e+00
1.781126260757446289e+00
1.798389077186584473e+00
1.822602272033691406e+00
1.840099573135375977e+00
1.860273599624633789e+00
1.866155982017517090e+00
1.860261559486389160e+00
1.844039440155029297e+00
1.792316198348999023e+00
1.731761097908020020e+00
1.722977876663208008e+00
1.726133108139038086e+00
1.721591472625732422e+00
1.754832267761230469e+00
1.776900053024291992e+00
1.768600106239318848e+00
1.897282838821411133e+00
1.930687904357910156e+00
1.886015653610229492e+00
1.866155385971069336e+00
1.824892520904541016e+00
1.774290680885314941e+00
1.749882936477661133e+00
1.765474915504455566e+00
1.741115927696228027e+00
1.699297785758972168e+00
1.690997123718261719e+00
1.658092260360717773e+00
1.615808248519897461e+00
1.579867243766784668e+00
1.551380395889282227e+00
1.738648295402526855e+00
1.789402723312377930e+00
1.742280125617980957e+00
1.710491538047790527e+00
1.670982003211975098e+00
1.699518442153930664e+00
1.782503485679626465e+00
1.783574104309082031e+00
1.738310456275939941e+00
1.672249317169189453e+00
1.604631543159484863e+00
1.560028553009033203e+00
1.539311885833740234e+00
1.536750435829162598e+00
1.520032882690429688e+00
1.490909099578857422e+00
1.511029839515686035e+00
1.561666607856750488e+00
1.599591016769409180e+00
1.635757923126220703e+00
1.666536092758178711e+00
1.689465045928955078e+00
1.700212597846984863e+00
1.692931771278381348e+00
1.649710297584533691e+00
1.593281030654907227e+00
1.591721534729003906e+00
1.617845416069030762e+00
1.633617520332336426e+00
1.629401922225952148e+00
1.607629299163818359e+00
1.589654445648193359e+00
1.606002092361450195e+00
1.616715312004089355e+00
1.643751621246337891e+00
1.677199363708496094e+00
1.681645989418029785e+00
1.643000125885009766e+00
1.602879047393798828e+00
1.766546964645385742e+00
1.817580580711364746e+00
1.888270139694213867e+00
1.864719271659851074e+00
1.842451333999633789e+00
1.782255887985229492e+00
1.678495287895202637e+00
1.641931056976318359e+00
1.641003727912902832e+00
1.653213262557983398e+00
1.710960388183593750e+00
1.742320775985717773e+00
1.718449831008911133e+00
1.685962438583374023e+00
1.663415908813476562e+00
1.648613691329956055e+00
1.759972333908081055e+00
1.806140661239624023e+00
1.749854564666748047e+00
1.747598409652709961e+00
1.746336579322814941e+00
1.691109299659729004e+00
1.683353185653686523e+00
1.678735852241516113e+00
1.686300516128540039e+00
1.699671149253845215e+00
1.691241860389709473e+00
1.667897701263427734e+00
1.650173783302307129e+00
1.663914203643798828e+00
1.664047122001647949e+00
1.654864430427551270e+00
1.672041177749633789e+00
1.657786130905151367e+00
1.640591382980346680e+00
1.627089142799377441e+00
1.634256839752197266e+00
1.678445339202880859e+00
1.700146436691284180e+00
1.726177215576171875e+00
1.794086813926696777e+00
1.828983187675476074e+00
1.847547531127929688e+00
1.859245181083679199e+00
1.860007405281066895e+00
1.850699186325073242e+00
1.835339188575744629e+00
1.815092325210571289e+00
1.813283681869506836e+00
1.893541216850280762e+00
1.887193918228149414e+00
1.855770111083984375e+00
1.841741561889648438e+00
1.843497633934020996e+00
1.843868136405944824e+00
1.828628063201904297e+00
1.792956352233886719e+00
1.750616312026977539e+00
1.756394982337951660e+00
1.763178944587707520e+00
1.745897173881530762e+00
1.739971280097961426e+00
1.750322341918945312e+00
1.757561087608337402e+00
1.743814945220947266e+00
1.719700932502746582e+00
1.701497316360473633e+00
1.727538824081420898e+00
1.767044663429260254e+00
1.796248555183410645e+00
1.827360630035400391e+00
1.830934047698974609e+00
1.853262186050415039e+00
1.869475722312927246e+00
1.883121252059936523e+00
1.896033883094787598e+00
1.930031418800354004e+00
2.003843307495117188e+00
2.004306077957153320e+00
1.964126944541931152e+00
1.922510027885437012e+00
1.896908164024353027e+00
2.058554172515869141e+00
2.144072055816650391e+00
2.086515188217163086e+00
2.020613193511962891e+00
1.947994589805603027e+00
1.904012203216552734e+00
1.875413417816162109e+00
1.868047595024108887e+00
1.959163427352905273e+00
1.964583992958068848e+00
1.924427270889282227e+00
1.904202938079833984e+00
1.901896238327026367e+00
1.950467467308044434e+00
1.971785306930541992e+00
1.964835524559020996e+00
1.958223938941955566e+00
1.960558295249938965e+00
1.963157296180725098e+00
1.958652853965759277e+00
1.951076149940490723e+00
1.936399579048156738e+00
1.975349187850952148e+00
1.987507343292236328e+00
1.982786417007446289e+00
2.080631971359252930e+00
2.115906715393066406e+00
2.107521772384643555e+00
2.075756311416625977e+00
2.059045791625976562e+00
2.042330026626586914e+00
2.015548229217529297e+00
1.983962178230285645e+00
1.956913113594055176e+00
1.965497493743896484e+00
1.951494693756103516e+00
1.932484984397888184e+00
1.927862882614135742e+00
1.942458987236022949e+00
1.959952592849731445e+00
1.978400945663452148e+00
1.996337890625000000e+00
2.005586385726928711e+00
1.993828892707824707e+00
2.004199028015136719e+00
2.012820720672607422e+00
2.010892868041992188e+00
1.998274803161621094e+00
1.978857159614562988e+00
1.958349704742431641e+00
1.969668865203857422e+00
1.984996557235717773e+00
2.017936944961547852e+00
2.025090456008911133e+00
2.121135711669921875e+00
2.126298189163208008e+00
2.076465129852294922e+00
2.040980815887451172e+00
2.078276157379150391e+00
2.105819225311279297e+00
2.088450193405151367e+00
2.086733102798461914e+00
2.078506231307983398e+00
2.042434453964233398e+00
1.993130207061767578e+00
2.039318323135375977e+00
2.072668313980102539e+00
2.181818485260009766e+00
2.351546287536621094e+00
2.394267082214355469e+00
2.304069519042968750e+00
2.188758373260498047e+00
2.117423534393310547e+00
2.102334737777709961e+00
2.091086864471435547e+00
2.120310068130493164e+00
2.128984689712524414e+00
2.113598823547363281e+00
2.095323324203491211e+00
2.099759101867675781e+00
2.088237762451171875e+00
2.056178569793701172e+00
2.059371232986450195e+00
2.198200941085815430e+00
2.276327371597290039e+00
2.236467599868774414e+00
2.182868480682373047e+00
2.147832870483398438e+00
2.127407550811767578e+00
2.095725536346435547e+00
2.060809850692749023e+00
2.027469396591186523e+00
2.020366191864013672e+00
2.022962093353271484e+00
2.024898290634155273e+00
2.020732402801513672e+00
2.030354261398315430e+00
2.045696973800659180e+00
2.058123350143432617e+00
2.065395355224609375e+00
2.074274539947509766e+00
2.078824043273925781e+00
2.118885755538940430e+00
2.209764242172241211e+00
2.188098669052124023e+00
2.152993202209472656e+00
2.129661560058593750e+00
2.120153665542602539e+00
2.121203184127807617e+00
2.274071455001831055e+00
2.307025909423828125e+00
2.215730667114257812e+00
2.111309051513671875e+00
2.030066251754760742e+00
2.001955270767211914e+00
2.095596313476562500e+00
2.143230199813842773e+00
2.095394611358642578e+00
2.023653984069824219e+00
1.959984064102172852e+00
1.924335956573486328e+00
1.902853131294250488e+00
1.900816917419433594e+00
1.906991243362426758e+00
1.924567699432373047e+00
1.943006396293640137e+00
2.007726907730102539e+00
2.076095819473266602e+00
2.303496837615966797e+00
2.350764274597167969e+00
2.285019397735595703e+00
2.222780466079711914e+00
2.186245441436767578e+00
2.193604946136474609e+00
2.174764633178710938e+00
2.153270006179809570e+00
2.137515544891357422e+00
2.125919103622436523e+00
2.146759748458862305e+00
2.114835500717163086e+00
2.102423191070556641e+00
2.137336492538452148e+00
2.141405582427978516e+00
2.127806425094604492e+00
2.118330001831054688e+00
2.103336572647094727e+00
2.056258678436279297e+00
1.997411608695983887e+00
1.961061835289001465e+00
1.998058915138244629e+00
2.024896144866943359e+00
2.089052677154541016e+00
2.118579387664794922e+00
2.091474533081054688e+00
2.040771484375000000e+00
1.992664933204650879e+00
1.959299802780151367e+00
1.951173543930053711e+00
1.958186864852905273e+00
1.967757344245910645e+00
1.977994799613952637e+00
1.985826969146728516e+00
1.994389414787292480e+00
1.997009634971618652e+00
1.995765089988708496e+00
1.994249105453491211e+00
2.046597242355346680e+00
2.047250032424926758e+00
2.011223793029785156e+00
2.062354803085327148e+00
2.064616680145263672e+00
2.041720628738403320e+00
2.013482570648193359e+00
2.061101198196411133e+00
2.061187505722045898e+00
2.065265655517578125e+00
2.044787645339965820e+00
2.013843297958374023e+00
1.988434553146362305e+00
1.969542026519775391e+00
1.942896962165832520e+00
1.904366612434387207e+00
1.922126889228820801e+00
1.907917976379394531e+00
1.877045750617980957e+00
1.859370231628417969e+00
1.971219539642333984e+00
1.965268731117248535e+00
1.904999256134033203e+00
1.837577104568481445e+00
1.791329860687255859e+00
1.781094074249267578e+00
1.798542261123657227e+00
1.829822540283203125e+00
1.850848793983459473e+00
1.842772722244262695e+00
1.808385491371154785e+00
1.768508434295654297e+00
1.752688407897949219e+00
1.742647409439086914e+00
1.745876073837280273e+00
1.969016551971435547e+00
2.054266929626464844e+00
2.006031751632690430e+00
1.924725651741027832e+00
1.868108987808227539e+00
1.827418088912963867e+00
1.824515938758850098e+00
1.814999103546142578e+00
1.778543233871459961e+00
1.739941000938415527e+00
1.818356156349182129e+00
1.835780858993530273e+00
1.860803723335266113e+00
1.851756572723388672e+00
1.836548328399658203e+00
1.814183950424194336e+00
1.786484479904174805e+00
1.769820213317871094e+00
1.760099291801452637e+00
1.775018453598022461e+00
1.765073299407958984e+00
1.741216182708740234e+00
1.766290307044982910e+00
2.014824390411376953e+00
2.278331279754638672e+00
2.276505231857299805e+00
2.163676023483276367e+00
1.994181632995605469e+00
1.847468376159667969e+00
1.748590826988220215e+00
1.661809325218200684e+00
1.585098624229431152e+00
1.533027291297912598e+00
1.510252237319946289e+00
1.523472547531127930e+00
1.523980617523193359e+00
1.689486265182495117e+00
1.853850722312927246e+00
1.890898585319519043e+00
1.886563301086425781e+00
1.828679442405700684e+00
1.740659356117248535e+00
1.695537090301513672e+00
1.663963556289672852e+00
1.671396732330322266e+00
1.744232296943664551e+00
1.782727241516113281e+00
1.743035316467285156e+00
1.678921461105346680e+00
1.647985816001892090e+00
1.728751182556152344e+00
1.779887318611145020e+00
1.760754108428955078e+00
1.721593141555786133e+00
1.668883562088012695e+00
1.587011694908142090e+00
1.551107883453369141e+00
1.613369107246398926e+00
1.601895809173583984e+00
1.591672182083129883e+00
1.571929693222045898e+00
1.539702653884887695e+00
1.497063159942626953e+00
1.471001863479614258e+00
1.470108270645141602e+00
1.508016109466552734e+00
1.549010753631591797e+00
1.578769803047180176e+00
1.563845634460449219e+00
1.558046102523803711e+00
1.558530926704406738e+00
1.565733194351196289e+00
1.592935442924499512e+00
1.615643620491027832e+00
1.619815349578857422e+00
1.620439291000366211e+00
1.620446443557739258e+00
1.603670954704284668e+00
1.574241518974304199e+00
1.538606166839599609e+00
1.505484580993652344e+00
1.489199399948120117e+00
1.631105542182922363e+00
1.679629564285278320e+00
1.706243276596069336e+00
1.713597416877746582e+00
1.701074600219726562e+00
1.664314627647399902e+00
1.624017715454101562e+00
1.592305660247802734e+00
1.599001646041870117e+00
1.625667095184326172e+00
1.631477117538452148e+00
1.636233448982238770e+00
1.654849767684936523e+00
1.648088455200195312e+00
1.612291336059570312e+00
1.558232784271240234e+00
1.518325328826904297e+00
1.513058185577392578e+00
1.516628265380859375e+00
1.525639295578002930e+00
1.548484086990356445e+00
1.572890281677246094e+00
1.602061510086059570e+00
1.637257575988769531e+00
1.663954496383666992e+00
1.658310770988464355e+00
1.645111441612243652e+00
1.611392140388488770e+00
1.648421049118041992e+00
1.751827836036682129e+00
1.772799253463745117e+00
1.761822104454040527e+00
1.764133691787719727e+00
1.753087997436523438e+00
1.743200063705444336e+00
1.722775101661682129e+00
1.673089623451232910e+00
1.677912712097167969e+00
1.703025221824645996e+00
1.720201253890991211e+00
1.688273668289184570e+00
1.647611141204833984e+00
1.626494646072387695e+00
1.653775095939636230e+00
1.709327220916748047e+00
1.745961308479309082e+00
1.775582432746887207e+00
1.822285294532775879e+00
1.775989532470703125e+00
1.762149095535278320e+00
1.778798818588256836e+00
1.790291070938110352e+00
1.794247508049011230e+00
1.790740251541137695e+00
1.794374823570251465e+00
1.806290864944458008e+00
1.832308292388916016e+00
1.852672696113586426e+00
1.882357597351074219e+00
1.901862859725952148e+00
1.993600845336914062e+00
2.005183219909667969e+00
1.935878634452819824e+00
1.878615736961364746e+00
1.970159173011779785e+00
2.139483213424682617e+00
2.136821508407592773e+00
2.033937931060791016e+00
1.923670768737792969e+00
1.823648333549499512e+00
1.785179615020751953e+00
1.772373318672180176e+00
1.779303312301635742e+00
1.790647745132446289e+00
1.795968532562255859e+00
1.784347295761108398e+00
1.813097119331359863e+00
1.844934701919555664e+00
1.903153896331787109e+00
1.896636128425598145e+00
1.923234701156616211e+00
1.908802986145019531e+00
1.863334894180297852e+00
1.828681588172912598e+00
1.813419461250305176e+00
1.807593345642089844e+00
1.809903025627136230e+00
1.824221134185791016e+00
1.832243919372558594e+00
1.832773208618164062e+00
1.841012835502624512e+00
1.859518051147460938e+00
1.946317195892333984e+00
1.952267527580261230e+00
1.937009334564208984e+00
1.977998495101928711e+00
1.998153448104858398e+00
1.976647496223449707e+00
1.951514720916748047e+00
1.941594004631042480e+00
1.976196289062500000e+00
1.994053483009338379e+00
1.966164350509643555e+00
1.936311602592468262e+00
1.910456180572509766e+00
1.886516213417053223e+00
1.873763084411621094e+00
2.022104740142822266e+00
2.061600923538208008e+00
2.010427236557006836e+00
1.958484649658203125e+00
1.933057904243469238e+00
1.905659675598144531e+00
1.875689029693603516e+00
1.882928490638732910e+00
1.884503006935119629e+00
1.902586936950683594e+00
1.908047676086425781e+00
1.885330319404602051e+00
1.884453177452087402e+00
1.890762448310852051e+00
1.897203087806701660e+00
1.903930902481079102e+00
1.913301348686218262e+00
1.917472839355468750e+00
1.917304277420043945e+00
1.918450832366943359e+00
1.912712693214416504e+00
1.947811007499694824e+00
1.960337877273559570e+00
1.976944923400878906e+00
1.979420781135559082e+00
2.017894268035888672e+00
2.022531270980834961e+00
2.019566774368286133e+00
2.019836664199829102e+00
2.020971536636352539e+00
2.018972158432006836e+00
2.014168262481689453e+00
1.999624252319335938e+00
2.043919801712036133e+00
2.057675361633300781e+00
2.061497211456298828e+00
2.063870191574096680e+00
2.079107522964477539e+00
2.212277650833129883e+00
2.241061210632324219e+00
2.197350025177001953e+00
2.155631542205810547e+00
2.124036550521850586e+00
2.148956775665283203e+00
2.207151174545288086e+00
2.198143720626831055e+00
2.170555591583251953e+00
2.180349349975585938e+00
2.197275161743164062e+00
2.227802991867065430e+00
2.419405937194824219e+00
2.459083557128906250e+00
2.355668067932128906e+00
2.389521598815917969e+00
2.340939998626708984e+00
2.208444833755493164e+00
2.113088369369506836e+00
2.050494432449340820e+00
2.026378393173217773e+00
2.037422180175781250e+00
2.023045539855957031e+00
2.015926599502563477e+00
2.010825872421264648e+00
2.022272348403930664e+00
2.038279533386230469e+00
2.055265903472900391e+00
2.069143056869506836e+00
2.078753948211669922e+00
2.238129138946533203e+00
2.285927772521972656e+00
2.221388339996337891e+00
2.143874645233154297e+00
2.101323604583740234e+00
2.073905944824218750e+00
2.063276052474975586e+00
2.059486627578735352e+00
2.056204319000244141e+00
2.047186851501464844e+00
2.063211679458618164e+00
2.039039373397827148e+00
2.028639316558837891e+00
2.038401365280151367e+00
2.046699762344360352e+00
2.070827960968017578e+00
2.103077411651611328e+00
2.099335670471191406e+00
2.072947978973388672e+00
2.062901735305786133e+00
2.072535276412963867e+00
2.086733341217041016e+00
2.098092079162597656e+00
2.128485918045043945e+00
2.128899574279785156e+00
2.086682081222534180e+00
2.283869981765747070e+00
2.450521945953369141e+00
2.391297817230224609e+00
2.316427946090698242e+00
2.297411441802978516e+00
2.245135784149169922e+00
2.245683908462524414e+00
2.232587099075317383e+00
2.189615964889526367e+00
2.150121450424194336e+00
2.168864011764526367e+00
2.200543880462646484e+00
2.169332027435302734e+00
2.097034931182861328e+00
2.049967288970947266e+00
2.109348058700561523e+00
2.109523773193359375e+00
2.069025039672851562e+00
2.032312393188476562e+00
2.003346204757690430e+00
1.984288930892944336e+00
1.998005151748657227e+00
2.101402044296264648e+00
2.117605447769165039e+00
2.093343019485473633e+00
2.059338808059692383e+00
2.033376932144165039e+00
2.021601438522338867e+00
2.037963151931762695e+00
2.018170118331909180e+00
1.990379452705383301e+00
1.978948593139648438e+00
1.969777941703796387e+00
1.962767004966735840e+00
1.973127245903015137e+00
1.973811864852905273e+00
1.977932453155517578e+00
1.982607126235961914e+00
1.972218275070190430e+00
1.984065175056457520e+00
1.980343580245971680e+00
1.970709800720214844e+00
1.974383234977722168e+00
1.979387283325195312e+00
1.980442166328430176e+00
1.968433022499084473e+00
1.968472599983215332e+00
1.975408315658569336e+00
1.977486729621887207e+00
1.964963316917419434e+00
1.953842639923095703e+00
1.958797931671142578e+00
1.952799916267395020e+00
1.939907193183898926e+00
1.933995723724365234e+00
1.944730520248413086e+00
1.950783371925354004e+00
1.946122169494628906e+00
1.936680793762207031e+00
1.943824291229248047e+00
1.947012066841125488e+00
1.954413294792175293e+00
1.949224472045898438e+00
1.931076765060424805e+00
1.916557431221008301e+00
1.897936940193176270e+00
1.869321227073669434e+00
1.798112273216247559e+00
1.740638732910156250e+00
1.750493764877319336e+00
1.793937444686889648e+00
1.804922342300415039e+00
1.836765170097351074e+00
1.872947216033935547e+00
1.899064183235168457e+00
1.909873843193054199e+00
1.917401432991027832e+00
1.913612723350524902e+00
1.902692556381225586e+00
1.878012776374816895e+00
1.856760382652282715e+00
1.803269505500793457e+00
1.794142127037048340e+00
1.798507571220397949e+00
1.799044132232666016e+00
1.969766855239868164e+00
2.011912107467651367e+00
1.971897602081298828e+00
1.926619768142700195e+00
1.888997912406921387e+00
1.853922605514526367e+00
1.813027024269104004e+00
1.755141496658325195e+00
1.722803115844726562e+00
1.709910273551940918e+00
1.676035404205322266e+00
1.674493432044982910e+00
1.715652823448181152e+00
1.764361739158630371e+00
1.888391494750976562e+00
2.150657892227172852e+00
2.192251443862915039e+00
2.097115039825439453e+00
1.993784189224243164e+00
1.897900223731994629e+00
1.797288894653320312e+00
1.726260900497436523e+00
1.682555317878723145e+00
1.707647085189819336e+00
1.742638468742370605e+00
1.752593994140625000e+00
1.754024624824523926e+00
1.738703250885009766e+00
1.722026228904724121e+00
1.739045143127441406e+00
1.726015806198120117e+00
1.689658045768737793e+00
1.651253700256347656e+00
1.601292133331298828e+00
1.568586826324462891e+00
1.569720387458801270e+00
1.605804443359375000e+00
1.610035538673400879e+00
1.597056508064270020e+00
1.621082782745361328e+00
1.599631786346435547e+00
1.580498933792114258e+00
1.539701700210571289e+00
1.570151329040527344e+00
1.579060077667236328e+00
1.580689549446105957e+00
1.631572365760803223e+00
1.650863885879516602e+00
1.654915094375610352e+00
1.662123799324035645e+00
1.648639202117919922e+00
1.652845025062561035e+00
1.631943583488464355e+00
1.590805172920227051e+00
1.527443885803222656e+00
1.471869468688964844e+00
1.462107896804809570e+00
1.509567975997924805e+00
1.572606563568115234e+00
1.601666927337646484e+00
1.589960455894470215e+00
1.559608459472656250e+00
1.519841194152832031e+00
1.479750514030456543e+00
1.454274535179138184e+00
1.447594523429870605e+00
1.476208806037902832e+00
1.479717493057250977e+00
1.461978912353515625e+00
1.417338371276855469e+00
1.441426038742065430e+00
1.504435300827026367e+00
1.600147724151611328e+00
1.688590407371520996e+00
1.722332954406738281e+00
1.708090066909790039e+00
1.743002176284790039e+00
1.735976815223693848e+00
1.724997639656066895e+00
1.722151041030883789e+00
1.692927122116088867e+00
1.677205085754394531e+00
1.737521886825561523e+00
1.714287161827087402e+00
1.672504663467407227e+00
1.629695057868957520e+00
1.584642887115478516e+00
1.591690540313720703e+00
1.606564283370971680e+00
1.606094002723693848e+00
1.602047324180603027e+00
1.605338096618652344e+00
1.596246719360351562e+00
1.576722264289855957e+00
1.551811933517456055e+00
1.523146748542785645e+00
1.494768142700195312e+00
1.480990648269653320e+00
1.516454696655273438e+00
1.583330035209655762e+00
1.626475811004638672e+00
1.637232065200805664e+00
1.617983341217041016e+00
1.567979454994201660e+00
1.519567847251892090e+00
1.474501013755798340e+00
1.445391178131103516e+00
1.416267514228820801e+00
1.400945425033569336e+00
1.814295172691345215e+00
1.962362289428710938e+00
1.910342693328857422e+00
1.838422775268554688e+00
1.769270420074462891e+00
1.740084648132324219e+00
2.120172262191772461e+00
2.347229480743408203e+00
2.284255027770996094e+00
2.146559476852416992e+00
1.999858260154724121e+00
1.980788707733154297e+00
1.913805842399597168e+00
1.819188952445983887e+00
1.740955829620361328e+00
1.689674139022827148e+00
1.697153329849243164e+00
1.711707592010498047e+00
1.709540247917175293e+00
1.675490379333496094e+00
