1.656119823455810547e+00
1.604640245437622070e+00
1.657658815383911133e+00
1.681131362915039062e+00
1.706351995468139648e+00
1.690445423126220703e+00
1.650966763496398926e+00
1.585958003997802734e+00
1.526030063629150391e+00
1.577748775482177734e+00
1.632699489593505859e+00
1.680909514427185059e+00
1.661413431167602539e+00
1.608057141304016113e+00
1.589613795280456543e+00
1.612941265106201172e+00
1.646185636520385742e+00
1.662870764732360840e+00
1.630039691925048828e+00
1.541721224784851074e+00
1.502242207527160645e+00
1.470446586608886719e+00
1.420820116996765137e+00
1.422113776206970215e+00
1.434965252876281738e+00
1.479353189468383789e+00
1.603815913200378418e+00
1.678240180015563965e+00
1.720991492271423340e+00
1.694957017898559570e+00
1.604028105735778809e+00
1.524801015853881836e+00
1.473665952682495117e+00
1.448219776153564453e+00
1.446742177009582520e+00
1.456179380416870117e+00
1.484920382499694824e+00
1.548654913902282715e+00
1.544612288475036621e+00
1.517668247222900391e+00
1.523089885711669922e+00
1.552642345428466797e+00
1.532994270324707031e+00
1.473322629928588867e+00
1.585169076919555664e+00
1.782287478446960449e+00
1.783594369888305664e+00
1.879063725471496582e+00
1.873202085494995117e+00
1.796456336975097656e+00
1.713894367218017578e+00
1.634203910827636719e+00
1.588137030601501465e+00
1.586355209350585938e+00
1.644765377044677734e+00
1.693051934242248535e+00
1.718271017074584961e+00
1.713769435882568359e+00
1.679435729980468750e+00
1.620704531669616699e+00
1.539570569992065430e+00
1.703219771385192871e+00
1.736528038978576660e+00
1.656890153884887695e+00
1.622864007949829102e+00
1.622115492820739746e+00
1.609585046768188477e+00
1.584061384201049805e+00
1.584232211112976074e+00
1.635721683502197266e+00
1.665196657180786133e+00
1.646827220916748047e+00
1.640670299530029297e+00
1.689193964004516602e+00
1.757075548171997070e+00
1.787737607955932617e+00
1.735804438591003418e+00
1.665876030921936035e+00
1.599999904632568359e+00
1.550113201141357422e+00
1.579525709152221680e+00
1.636337280273437500e+00
1.694678544998168945e+00
1.743636131286621094e+00
1.828425407409667969e+00
1.868389487266540527e+00
1.855989813804626465e+00
2.101505756378173828e+00
2.192162275314331055e+00
2.127669811248779297e+00
2.027958631515502930e+00
1.923842906951904297e+00
1.824669957160949707e+00
1.736449122428894043e+00
1.699895024299621582e+00
1.882588028907775879e+00
1.958906769752502441e+00
1.944541454315185547e+00
1.908772230148315430e+00
1.918874144554138184e+00
1.906024575233459473e+00
1.878710865974426270e+00
1.811400890350341797e+00
1.749247431755065918e+00
1.750409841537475586e+00
1.761539697647094727e+00
1.839125037193298340e+00
1.876325964927673340e+00
2.014497995376586914e+00
1.991614341735839844e+00
1.925440907478332520e+00
1.865203380584716797e+00
1.839047670364379883e+00
1.924469470977783203e+00
1.981844782829284668e+00
1.987417340278625488e+00
1.973844647407531738e+00
1.943276643753051758e+00
2.134220361709594727e+00
2.385077476501464844e+00
2.393901824951171875e+00
2.256962537765502930e+00
2.128024816513061523e+00
2.241647720336914062e+00
2.307838439941406250e+00
2.241993188858032227e+00
2.135804176330566406e+00
2.052796602249145508e+00
1.989282011985778809e+00
1.924563169479370117e+00
1.840657234191894531e+00
1.818942785263061523e+00
1.965548634529113770e+00
2.038227081298828125e+00
2.024340629577636719e+00
2.005317211151123047e+00
2.291857719421386719e+00
2.397832155227661133e+00
2.315708398818969727e+00
2.208547830581665039e+00
2.124332189559936523e+00
2.047262430191040039e+00
1.980689287185668945e+00
1.983741283416748047e+00
1.980549097061157227e+00
2.024924278259277344e+00
2.029257535934448242e+00
2.000618934631347656e+00
1.977681994438171387e+00
1.974045157432556152e+00
1.959586381912231445e+00
1.961822748184204102e+00
1.960279464721679688e+00
1.971948623657226562e+00
1.967521309852600098e+00
1.915347099304199219e+00
1.904951691627502441e+00
1.914245724678039551e+00
1.921008348464965820e+00
2.032618999481201172e+00
2.348441362380981445e+00
2.451657533645629883e+00
2.374200105667114258e+00
2.264256954193115234e+00
2.164013624191284180e+00
2.089963436126708984e+00
2.035575389862060547e+00
2.023864269256591797e+00
2.022597551345825195e+00
2.020425081253051758e+00
2.026415586471557617e+00
2.107808113098144531e+00
2.221303701400756836e+00
2.207727670669555664e+00
2.212027788162231445e+00
2.167464256286621094e+00
2.132013082504272461e+00
2.152496337890625000e+00
2.151143550872802734e+00
2.190191984176635742e+00
2.214581966400146484e+00
2.196369409561157227e+00
2.148937940597534180e+00
2.125248193740844727e+00
2.112985372543334961e+00
2.123630762100219727e+00
2.123713493347167969e+00
2.110237360000610352e+00
2.107682466506958008e+00
2.102103471755981445e+00
2.085641145706176758e+00
2.090692043304443359e+00
2.098737955093383789e+00
2.089607715606689453e+00
2.082549333572387695e+00
2.096518516540527344e+00
2.130033731460571289e+00
2.147729873657226562e+00
2.261321783065795898e+00
2.392877578735351562e+00
2.397551298141479492e+00
2.329895973205566406e+00
2.254641056060791016e+00
2.259830951690673828e+00
2.219556570053100586e+00
2.154855728149414062e+00
2.128041982650756836e+00
2.115043163299560547e+00
2.113179683685302734e+00
2.126094579696655273e+00
2.150385141372680664e+00
2.165324211120605469e+00
2.170804977416992188e+00
2.177302360534667969e+00
2.178723812103271484e+00
2.172433853149414062e+00
2.150096893310546875e+00
2.184450626373291016e+00
2.187475919723510742e+00
2.181602478027343750e+00
2.182324409484863281e+00
2.175112247467041016e+00
2.134031534194946289e+00
2.087015390396118164e+00
2.026375055313110352e+00
2.007756710052490234e+00
2.001266002655029297e+00
2.002758979797363281e+00
2.014985561370849609e+00
2.052167654037475586e+00
2.092379808425903320e+00
2.120354890823364258e+00
2.222389698028564453e+00
2.256059646606445312e+00
2.246029615402221680e+00
2.220543146133422852e+00
2.205597162246704102e+00
2.226348400115966797e+00
2.199849843978881836e+00
2.141481637954711914e+00
2.097947597503662109e+00
2.110467672348022461e+00
2.125509977340698242e+00
2.141566276550292969e+00
2.157831668853759766e+00
2.167098760604858398e+00
2.177492618560791016e+00
2.177990913391113281e+00
2.206596851348876953e+00
2.262484788894653320e+00
2.330014705657958984e+00
2.292671203613281250e+00
2.239310503005981445e+00
2.335778951644897461e+00
2.369195938110351562e+00
2.309334754943847656e+00
2.250754117965698242e+00
2.189519643783569336e+00
2.133851766586303711e+00
2.080544233322143555e+00
2.040744304656982422e+00
2.034078121185302734e+00
2.048684358596801758e+00
2.067746639251708984e+00
2.181060552597045898e+00
2.287357091903686523e+00
2.270466804504394531e+00
2.234580039978027344e+00
2.209148645401000977e+00
2.327206850051879883e+00
2.403105258941650391e+00
2.352583885192871094e+00
2.294717550277709961e+00
2.338041067123413086e+00
2.327162265777587891e+00
2.254267215728759766e+00
2.187829256057739258e+00
2.167896270751953125e+00
2.160602331161499023e+00
2.152454376220703125e+00
2.143462419509887695e+00
2.128133773803710938e+00
2.090224742889404297e+00
2.055708885192871094e+00
2.033617019653320312e+00
2.087051868438720703e+00
2.188942193984985352e+00
2.214767217636108398e+00
2.152122497558593750e+00
2.092994451522827148e+00
2.067392349243164062e+00
2.069242715835571289e+00
2.125710248947143555e+00
2.198183774948120117e+00
2.168645381927490234e+00
2.104768991470336914e+00
2.078840494155883789e+00
2.069575786590576172e+00
2.223337650299072266e+00
2.288055181503295898e+00
2.240269899368286133e+00
2.176247835159301758e+00
2.119232654571533203e+00
2.086818218231201172e+00
2.064751386642456055e+00
2.057748317718505859e+00
2.060050249099731445e+00
2.086522579193115234e+00
2.094120025634765625e+00
2.065571069717407227e+00
2.020715951919555664e+00
1.963744759559631348e+00
1.928325414657592773e+00
2.073018550872802734e+00
2.110618829727172852e+00
2.063970088958740234e+00
2.039517641067504883e+00
2.022282123565673828e+00
2.005761623382568359e+00
1.968501567840576172e+00
1.941999673843383789e+00
1.916867613792419434e+00
1.912966132164001465e+00
1.896586656570434570e+00
1.966267347335815430e+00
2.009075641632080078e+00
2.027820825576782227e+00
2.014243125915527344e+00
1.982350349426269531e+00
1.936934947967529297e+00
1.927129864692687988e+00
1.900901317596435547e+00
1.824691414833068848e+00
1.993031382560729980e+00
2.064319133758544922e+00
1.991918087005615234e+00
1.902713656425476074e+00
1.883673787117004395e+00
1.879147291183471680e+00
1.853886246681213379e+00
1.829913377761840820e+00
1.853811025619506836e+00
1.892122864723205566e+00
1.880810737609863281e+00
1.841092705726623535e+00
1.810743451118469238e+00
1.771900534629821777e+00
1.762909650802612305e+00
1.740501403808593750e+00
1.675753593444824219e+00
1.988642811775207520e+00
2.145675897598266602e+00
2.085331439971923828e+00
2.006129026412963867e+00
1.986756086349487305e+00
1.933264493942260742e+00
1.849731206893920898e+00
1.760517597198486328e+00
1.696454048156738281e+00
1.644690275192260742e+00
1.664292812347412109e+00
1.704651594161987305e+00
1.732927203178405762e+00
1.732196807861328125e+00
1.700660467147827148e+00
1.628307700157165527e+00
1.678546190261840820e+00
1.674983739852905273e+00
1.660385727882385254e+00
1.677688360214233398e+00
1.709208488464355469e+00
1.724858403205871582e+00
1.725094318389892578e+00
1.694129467010498047e+00
1.662255525588989258e+00
1.620274782180786133e+00
1.598022937774658203e+00
1.606009006500244141e+00
1.638448238372802734e+00
1.666340589523315430e+00
1.673166394233703613e+00
1.708143353462219238e+00
1.711085677146911621e+00
1.688206672668457031e+00
1.667816758155822754e+00
1.625023126602172852e+00
1.550765872001647949e+00
1.489304661750793457e+00
1.418159484863281250e+00
1.345694065093994141e+00
1.396273851394653320e+00
1.548213601112365723e+00
1.609250068664550781e+00
1.611678719520568848e+00
1.589607238769531250e+00
1.564765930175781250e+00
1.575412631034851074e+00
1.588607311248779297e+00
1.593947052955627441e+00
1.598700881004333496e+00
1.594888806343078613e+00
1.603177547454833984e+00
1.589659333229064941e+00
1.726850271224975586e+00
1.802192926406860352e+00
1.784000277519226074e+00
1.724277138710021973e+00
1.652338504791259766e+00
1.684690952301025391e+00
1.908189177513122559e+00
1.965706229209899902e+00
1.869466543197631836e+00
1.743703365325927734e+00
1.625155448913574219e+00
1.525277018547058105e+00
1.463759660720825195e+00
1.446191310882568359e+00
1.457339167594909668e+00
2.003153085708618164e+00
2.250911712646484375e+00
2.201211214065551758e+00
2.026499271392822266e+00
1.847218751907348633e+00
1.769820809364318848e+00
1.743887901306152344e+00
1.722149014472961426e+00
1.762641072273254395e+00
1.688414335250854492e+00
1.595750451087951660e+00
1.540628433227539062e+00
1.488210558891296387e+00
1.543011665344238281e+00
1.636550784111022949e+00
1.696912527084350586e+00
1.697002291679382324e+00
1.692157030105590820e+00
1.686329841613769531e+00
1.671264052391052246e+00
1.659980535507202148e+00
1.690892338752746582e+00
1.706366300582885742e+00
1.688071131706237793e+00
1.719753623008728027e+00
1.755327701568603516e+00
1.777727365493774414e+00
1.882006049156188965e+00
1.882421493530273438e+00
1.780881762504577637e+00
1.709988355636596680e+00
1.769595861434936523e+00
1.815230846405029297e+00
1.845903992652893066e+00
1.866522312164306641e+00
1.873315930366516113e+00
1.902290940284729004e+00
2.118586540222167969e+00
2.223078727722167969e+00
2.154983997344970703e+00
2.055622816085815430e+00
2.012691020965576172e+00
1.976280689239501953e+00
1.944458842277526855e+00
1.873731374740600586e+00
1.779657602310180664e+00
1.709907293319702148e+00
1.675696849822998047e+00
1.922762632369995117e+00
2.065346956253051758e+00
2.057921886444091797e+00
2.013173580169677734e+00
1.967330098152160645e+00
1.892856240272521973e+00
1.882340431213378906e+00
1.896683931350708008e+00
1.887054920196533203e+00
2.001140832901000977e+00
2.111777544021606445e+00
2.161939859390258789e+00
2.110249757766723633e+00
2.011218309402465820e+00
1.951652288436889648e+00
1.939748644828796387e+00
1.939793109893798828e+00
1.924987435340881348e+00
1.904812455177307129e+00
1.837266087532043457e+00
1.758955955505371094e+00
1.719555854797363281e+00
1.737194895744323730e+00
1.787093758583068848e+00
1.832505702972412109e+00
1.887151241302490234e+00
2.011543035507202148e+00
2.017386913299560547e+00
1.937922477722167969e+00
1.898548960685729980e+00
1.889833211898803711e+00
1.898869514465332031e+00
1.897485613822937012e+00
1.898400068283081055e+00
1.919402718544006348e+00
1.976080536842346191e+00
2.234040975570678711e+00
2.305829286575317383e+00
2.221956968307495117e+00
2.116425514221191406e+00
2.066526174545288086e+00
2.010089635848999023e+00
1.977314114570617676e+00
1.954491257667541504e+00
1.939386963844299316e+00
1.904514908790588379e+00
1.852488040924072266e+00
1.951683998107910156e+00
2.034849882125854492e+00
2.132414817810058594e+00
2.146086454391479492e+00
2.097151279449462891e+00
2.049861907958984375e+00
2.016096115112304688e+00
1.983358025550842285e+00
1.975632667541503906e+00
1.957155227661132812e+00
1.954890251159667969e+00
2.102205753326416016e+00
2.171408653259277344e+00
2.166367769241333008e+00
2.163883447647094727e+00
2.196362495422363281e+00
2.201669931411743164e+00
2.161912441253662109e+00
2.106089591979980469e+00
2.081682682037353516e+00
2.075248003005981445e+00
2.051688909530639648e+00
2.047401905059814453e+00
2.030221939086914062e+00
2.036972045898437500e+00
2.087391853332519531e+00
2.146579742431640625e+00
2.161640405654907227e+00
2.146180152893066406e+00
2.133007526397705078e+00
2.115924358367919922e+00
2.084800720214843750e+00
2.063728094100952148e+00
2.071729183197021484e+00
2.082391023635864258e+00
2.088963031768798828e+00
2.082213401794433594e+00
2.074092388153076172e+00
2.059480667114257812e+00
2.068987607955932617e+00
2.076749801635742188e+00
2.081345796585083008e+00
2.079352617263793945e+00
2.232738971710205078e+00
2.445967435836791992e+00
2.428901672363281250e+00
2.294533491134643555e+00
2.192553520202636719e+00
2.159803152084350586e+00
2.138685464859008789e+00
2.121484994888305664e+00
2.116567134857177734e+00
2.118015527725219727e+00
2.264305830001831055e+00
2.329372406005859375e+00
2.296363592147827148e+00
2.247886896133422852e+00
2.216116666793823242e+00
2.194874286651611328e+00
2.178310155868530273e+00
2.169549942016601562e+00
2.166970491409301758e+00
2.383552074432373047e+00
2.474727153778076172e+00
2.418737173080444336e+00
2.327327489852905273e+00
2.264301776885986328e+00
2.224508523941040039e+00
2.193922758102416992e+00
2.167118787765502930e+00
2.125308990478515625e+00
2.115108966827392578e+00
2.105660438537597656e+00
2.098854541778564453e+00
2.145289182662963867e+00
2.164230585098266602e+00
2.168509721755981445e+00
2.170716762542724609e+00
2.188841819763183594e+00
2.183941841125488281e+00
2.185804367065429688e+00
2.185909986495971680e+00
2.190757513046264648e+00
2.196117639541625977e+00
2.203366756439208984e+00
2.376832723617553711e+00
2.453715801239013672e+00
2.390301704406738281e+00
2.383886098861694336e+00
2.344164371490478516e+00
2.231849670410156250e+00
2.170046806335449219e+00
2.152211904525756836e+00
2.147492885589599609e+00
2.154211282730102539e+00
2.234236955642700195e+00
2.254995584487915039e+00
2.222169399261474609e+00
2.220000743865966797e+00
2.224930047988891602e+00
2.226883649826049805e+00
2.227479934692382812e+00
2.230152845382690430e+00
2.229276895523071289e+00
2.214406251907348633e+00
2.188680410385131836e+00
2.223770856857299805e+00
2.184683322906494141e+00
2.117745876312255859e+00
2.162502288818359375e+00
2.387663364410400391e+00
2.479394674301147461e+00
2.426993370056152344e+00
2.357843160629272461e+00
2.301626205444335938e+00
2.261957168579101562e+00
2.235556364059448242e+00
2.225063800811767578e+00
2.214827775955200195e+00
2.209147453308105469e+00
2.210816144943237305e+00
2.213847637176513672e+00
2.210455656051635742e+00
2.201693773269653320e+00
2.202461242675781250e+00
2.252042531967163086e+00
2.414644002914428711e+00
2.573914051055908203e+00
2.542914152145385742e+00
2.397155046463012695e+00
2.276827812194824219e+00
2.189937114715576172e+00
2.143828392028808594e+00
2.096865892410278320e+00
2.060826778411865234e+00
2.033514499664306641e+00
2.013453722000122070e+00
2.019157409667968750e+00
2.033566474914550781e+00
2.059092998504638672e+00
2.080166339874267578e+00
2.176902770996093750e+00
2.199683666229248047e+00
2.200356245040893555e+00
2.204949378967285156e+00
2.206989526748657227e+00
2.209833860397338867e+00
2.194234132766723633e+00
2.141987085342407227e+00
2.112733602523803711e+00
2.076795101165771484e+00
2.032267093658447266e+00
2.017493009567260742e+00
2.016624689102172852e+00
2.043545722961425781e+00
2.041843652725219727e+00
2.029102802276611328e+00
2.035963773727416992e+00
2.053633928298950195e+00
2.068608999252319336e+00
2.071816682815551758e+00
2.059080839157104492e+00
2.055670499801635742e+00
2.019894361495971680e+00
2.003352880477905273e+00
2.016817092895507812e+00
2.035009622573852539e+00
2.058703660964965820e+00
2.062652587890625000e+00
2.095776796340942383e+00
2.062982797622680664e+00
2.031877517700195312e+00
2.015995264053344727e+00
2.004628181457519531e+00
1.942703723907470703e+00
1.952759146690368652e+00
1.967031002044677734e+00
1.960943698883056641e+00
1.946113228797912598e+00
1.964555025100708008e+00
1.969237446784973145e+00
1.939211249351501465e+00
1.856785535812377930e+00
1.790322542190551758e+00
1.789401054382324219e+00
1.853685498237609863e+00
1.903799533843994141e+00
1.940973758697509766e+00
1.948157072067260742e+00
1.942761182785034180e+00
1.933571815490722656e+00
1.890864133834838867e+00
1.880087137222290039e+00
1.870824098587036133e+00
1.860017418861389160e+00
1.825930237770080566e+00
1.787671566009521484e+00
1.949039340019226074e+00
2.041603088378906250e+00
1.960896611213684082e+00
1.852275490760803223e+00
1.834518074989318848e+00
1.831462025642395020e+00
1.804578065872192383e+00
1.759617805480957031e+00
1.717012047767639160e+00
1.718719720840454102e+00
1.763217806816101074e+00
1.781862735748291016e+00
1.774733066558837891e+00
1.749413013458251953e+00
1.780362606048583984e+00
1.799124956130981445e+00
1.857661843299865723e+00
1.862920403480529785e+00
1.883632183074951172e+00
1.899992823600769043e+00
1.858319997787475586e+00
1.831788539886474609e+00
1.797692537307739258e+00
1.771080017089843750e+00
1.734754204750061035e+00
1.719412446022033691e+00
1.743041872978210449e+00
1.757892608642578125e+00
1.828501939773559570e+00
1.923626422882080078e+00
1.965321063995361328e+00
1.922301650047302246e+00
1.881443619728088379e+00
1.861930131912231445e+00
1.793672204017639160e+00
1.721846699714660645e+00
1.775860309600830078e+00
1.784292697906494141e+00
1.762928009033203125e+00
1.729917049407958984e+00
1.740716218948364258e+00
1.810480117797851562e+00
1.811560988426208496e+00
1.780375599861145020e+00
1.718422293663024902e+00
1.655809283256530762e+00
1.673500776290893555e+00
1.698285222053527832e+00
1.719181180000305176e+00
1.702746629714965820e+00
1.659191727638244629e+00
1.597087025642395020e+00
1.563554763793945312e+00
1.578383088111877441e+00
1.589385032653808594e+00
1.903138160705566406e+00
2.031129360198974609e+00
1.994724154472351074e+00
1.879465579986572266e+00
1.867550849914550781e+00
1.816544055938720703e+00
1.761920452117919922e+00
1.725131750106811523e+00
1.677372097969055176e+00
1.630237102508544922e+00
1.572731614112854004e+00
1.530916452407836914e+00
1.566444039344787598e+00
1.630131721496582031e+00
1.659785509109497070e+00
1.646506071090698242e+00
1.615701079368591309e+00
1.611131548881530762e+00
1.643213748931884766e+00
1.635889053344726562e+00
1.634513020515441895e+00
1.636833190917968750e+00
1.629738569259643555e+00
1.614663720130920410e+00
1.581911563873291016e+00
1.539673566818237305e+00
1.494941711425781250e+00
1.481331229209899902e+00
1.449197769165039062e+00
1.428406238555908203e+00
1.445616483688354492e+00
1.458063483238220215e+00
1.511007070541381836e+00
1.587020516395568848e+00
1.796691656112670898e+00
1.892040729522705078e+00
1.856604337692260742e+00
1.791052818298339844e+00
1.727357506752014160e+00
1.651807546615600586e+00
1.584198474884033203e+00
1.616619586944580078e+00
1.629174590110778809e+00
1.669692397117614746e+00
1.720910310745239258e+00
1.746805429458618164e+00
1.740494251251220703e+00
1.705633997917175293e+00
1.634334087371826172e+00
1.555511951446533203e+00
1.504180788993835449e+00
1.581191420555114746e+00
1.662022352218627930e+00
1.872407197952270508e+00
1.931345105171203613e+00
1.953683257102966309e+00
1.951059818267822266e+00
1.967466115951538086e+00
1.940175294876098633e+00
1.841609001159667969e+00
1.808294057846069336e+00
1.817181468009948730e+00
1.835155725479125977e+00
1.868807792663574219e+00
1.875076651573181152e+00
1.883727908134460449e+00
1.895192861557006836e+00
1.903154134750366211e+00
1.902204394340515137e+00
1.884238243103027344e+00
1.919408082962036133e+00
1.921162486076354980e+00
1.838758826255798340e+00
1.810793161392211914e+00
1.801004648208618164e+00
1.802927851676940918e+00
1.821035385131835938e+00
1.859367728233337402e+00
1.883958816528320312e+00
1.899895071983337402e+00
1.905962467193603516e+00
1.942251682281494141e+00
2.010634660720825195e+00
1.990610241889953613e+00
1.951355338096618652e+00
2.062008142471313477e+00
2.162722110748291016e+00
2.138359785079956055e+00
2.055182695388793945e+00
1.984181404113769531e+00
1.929120659828186035e+00
1.899785518646240234e+00
1.916408419609069824e+00
1.933560609817504883e+00
1.952567219734191895e+00
2.027473926544189453e+00
2.042926788330078125e+00
2.055428504943847656e+00
2.033998250961303711e+00
2.004780292510986328e+00
1.998305320739746094e+00
2.006232500076293945e+00
2.026755094528198242e+00
2.039720773696899414e+00
2.131940841674804688e+00
2.152904510498046875e+00
2.099898338317871094e+00
2.054582595825195312e+00
2.024878740310668945e+00
2.019755125045776367e+00
2.018960714340209961e+00
2.027641057968139648e+00
2.034532785415649414e+00
2.035685539245605469e+00
2.122262239456176758e+00
2.190875768661499023e+00
2.167991399765014648e+00
2.102053642272949219e+00
2.091215610504150391e+00
2.047800302505493164e+00
1.994612097740173340e+00
1.955015540122985840e+00
1.927635312080383301e+00
1.906763553619384766e+00
1.885531902313232422e+00
1.869959473609924316e+00
1.869403600692749023e+00
1.890513896942138672e+00
1.926317691802978516e+00
1.955511689186096191e+00
1.983538746833801270e+00
2.006756305694580078e+00
2.032138824462890625e+00
2.047849416732788086e+00
2.026407718658447266e+00
2.001704216003417969e+00
1.988661766052246094e+00
1.988270163536071777e+00
1.988407611846923828e+00
2.042716026306152344e+00
2.052165985107421875e+00
2.056233882904052734e+00
2.051441431045532227e+00
2.043530464172363281e+00
2.033995866775512695e+00
2.027226924896240234e+00
2.016932725906372070e+00
2.042737245559692383e+00
2.063652276992797852e+00
2.078284978866577148e+00
2.090656518936157227e+00
2.138459444046020508e+00
2.142581939697265625e+00
2.103941440582275391e+00
2.063842296600341797e+00
2.059465408325195312e+00
2.099098205566406250e+00
2.140082359313964844e+00
2.119505643844604492e+00
2.086258411407470703e+00
2.049402952194213867e+00
2.024255275726318359e+00
2.033441543579101562e+00
2.056106567382812500e+00
2.076602458953857422e+00
2.085618019104003906e+00
2.104844808578491211e+00
2.104605674743652344e+00
2.115736722946166992e+00
2.119069814682006836e+00
2.109752893447875977e+00
2.098432540893554688e+00
2.096790313720703125e+00
2.097691774368286133e+00
2.096571683883666992e+00
2.179321527481079102e+00
2.199907302856445312e+00
2.205579757690429688e+00
2.168763637542724609e+00
2.144760131835937500e+00
2.119314432144165039e+00
2.104254722595214844e+00
2.098391056060791016e+00
2.102666378021240234e+00
2.154274702072143555e+00
2.230117797851562500e+00
2.249623298645019531e+00
2.230980157852172852e+00
2.199293375015258789e+00
2.174980163574218750e+00
2.172095060348510742e+00
2.178632736206054688e+00
2.186792373657226562e+00
2.189742803573608398e+00
2.187216997146606445e+00
2.175470829010009766e+00
2.309431791305541992e+00
2.422720193862915039e+00
2.385699510574340820e+00
2.316872119903564453e+00
2.456665277481079102e+00
2.510304689407348633e+00
2.448385238647460938e+00
2.370687961578369141e+00
2.316199779510498047e+00
2.330405712127685547e+00
2.365992784500122070e+00
2.335779428482055664e+00
2.296393394470214844e+00
2.259371995925903320e+00
2.240282535552978516e+00
2.233446121215820312e+00
2.231853008270263672e+00
2.227874040603637695e+00
2.218440294265747070e+00
2.200673341751098633e+00
2.187116622924804688e+00
2.339614391326904297e+00
2.407384395599365234e+00
2.371729373931884766e+00
2.301478624343872070e+00
2.268949508666992188e+00
2.245913743972778320e+00
2.214124917984008789e+00
2.207280158996582031e+00
2.427742004394531250e+00
2.524322986602783203e+00
2.479638576507568359e+00
2.409205675125122070e+00
2.348457574844360352e+00
2.306340932846069336e+00
2.279625654220581055e+00
2.265509843826293945e+00
2.262930154800415039e+00
2.219211816787719727e+00
2.192660808563232422e+00
2.170202016830444336e+00
2.142478942871093750e+00
2.121450424194335938e+00
2.099282741546630859e+00
2.075767040252685547e+00
2.048214197158813477e+00
2.026725530624389648e+00
2.020855426788330078e+00
2.207032918930053711e+00
2.307872772216796875e+00
2.278038740158081055e+00
2.198012113571166992e+00
2.157998323440551758e+00
2.142509460449218750e+00
2.136491537094116211e+00
2.127736806869506836e+00
2.116842269897460938e+00
2.252067327499389648e+00
2.497266530990600586e+00
2.546118736267089844e+00
2.412754297256469727e+00
2.283221960067749023e+00
2.187659740447998047e+00
2.165235996246337891e+00
2.220453262329101562e+00
2.210408210754394531e+00
2.164156436920166016e+00
2.110166549682617188e+00
2.057129144668579102e+00
2.189433813095092773e+00
2.330076456069946289e+00
2.308204174041748047e+00
2.234600067138671875e+00
2.164021015167236328e+00
2.120893001556396484e+00
2.105839252471923828e+00
2.092107295989990234e+00
2.072548627853393555e+00
2.048401832580566406e+00
2.009171485900878906e+00
1.987889051437377930e+00
1.973651289939880371e+00
1.943589329719543457e+00
1.910399675369262695e+00
1.886255264282226562e+00
1.896940112113952637e+00
1.889160871505737305e+00
1.888218045234680176e+00
1.890241742134094238e+00
2.027647018432617188e+00
2.074537992477416992e+00
2.072350978851318359e+00
2.039088487625122070e+00
1.992966055870056152e+00
1.962376713752746582e+00
1.947683811187744141e+00
1.933719873428344727e+00
1.914037108421325684e+00
1.872581958770751953e+00
1.867414236068725586e+00
1.868399858474731445e+00
1.922984838485717773e+00
1.928345322608947754e+00
1.895442247390747070e+00
1.867269754409790039e+00
1.842193603515625000e+00
1.826090812683105469e+00
1.796426534652709961e+00
1.828171849250793457e+00
2.038792610168457031e+00
2.111802339553833008e+00
2.065146446228027344e+00
2.002365112304687500e+00
1.949543118476867676e+00
1.914854407310485840e+00
1.872660875320434570e+00
1.835824251174926758e+00
1.835771083831787109e+00
1.828157782554626465e+00
1.791880488395690918e+00
1.789152979850769043e+00
1.770024299621582031e+00
1.727671027183532715e+00
1.672513008117675781e+00
1.629374980926513672e+00
1.643876791000366211e+00
1.714726328849792480e+00
1.728660225868225098e+00
1.728614807128906250e+00
1.826504349708557129e+00
1.903303861618041992e+00
1.900864839553833008e+00
1.877263903617858887e+00
1.833286285400390625e+00
1.778085470199584961e+00
1.683411478996276855e+00
1.601071834564208984e+00
1.572200298309326172e+00
1.580214142799377441e+00
1.618596553802490234e+00
1.635315299034118652e+00
1.652677893638610840e+00
1.637387871742248535e+00
1.629847049713134766e+00
1.593054413795471191e+00
1.527187228202819824e+00
1.465181589126586914e+00
1.518594980239868164e+00
1.510987281799316406e+00
1.475673317909240723e+00
1.453916549682617188e+00
1.446592092514038086e+00
1.438447713851928711e+00
1.437261104583740234e+00
1.471480846405029297e+00
1.517765522003173828e+00
1.584920525550842285e+00
1.604585409164428711e+00
1.609872460365295410e+00
1.605770111083984375e+00
1.620365619659423828e+00
1.616618275642395020e+00
1.616734266281127930e+00
1.623975992202758789e+00
1.657898902893066406e+00
1.705091834068298340e+00
1.693931818008422852e+00
1.747582912445068359e+00
1.724089622497558594e+00
1.663469910621643066e+00
1.608591794967651367e+00
1.554721236228942871e+00
1.511584043502807617e+00
1.526016712188720703e+00
1.538678050041198730e+00
1.566098690032958984e+00
1.616708278656005859e+00
1.646665334701538086e+00
1.660548210144042969e+00
1.646604657173156738e+00
1.615961194038391113e+00
1.590035080909729004e+00
1.568885803222656250e+00
1.549464702606201172e+00
1.529263734817504883e+00
1.521368503570556641e+00
1.597208738327026367e+00
1.598633766174316406e+00
1.556428909301757812e+00
1.629168987274169922e+00
1.672055840492248535e+00
1.709207534790039062e+00
1.732327580451965332e+00
1.784806966781616211e+00
1.761432290077209473e+00
1.644302487373352051e+00
1.534762501716613770e+00
1.471419095993041992e+00
1.481376647949218750e+00
1.514540672302246094e+00
1.635388612747192383e+00
1.672728061676025391e+00
1.702583789825439453e+00
1.711716890335083008e+00
1.639034032821655273e+00
1.590268015861511230e+00
1.617740392684936523e+00
1.648156046867370605e+00
1.655584335327148438e+00
1.642221927642822266e+00
1.729418277740478516e+00
1.783042430877685547e+00
1.813393354415893555e+00
1.821464896202087402e+00
1.773931264877319336e+00
1.760643124580383301e+00
1.767159700393676758e+00
1.799896359443664551e+00
1.839614152908325195e+00
1.831675291061401367e+00
1.849861860275268555e+00
1.864320039749145508e+00
1.875968813896179199e+00
1.891286849975585938e+00
1.869664072990417480e+00
1.860395193099975586e+00
1.924351811408996582e+00
2.007333993911743164e+00
1.965937733650207520e+00
1.912950038909912109e+00
1.894038915634155273e+00
1.907638311386108398e+00
1.998511672019958496e+00
2.011365652084350586e+00
2.010827541351318359e+00
1.990462779998779297e+00
1.971740961074829102e+00
1.949427604675292969e+00
1.923176646232604980e+00
1.930301666259765625e+00
1.937728643417358398e+00
1.951714515686035156e+00
2.112585306167602539e+00
2.177474975585937500e+00
2.150082588195800781e+00
2.098577022552490234e+00
2.039390802383422852e+00
1.978974699974060059e+00
1.895946621894836426e+00
1.868453502655029297e+00
1.868021488189697266e+00
2.050072193145751953e+00
2.108872175216674805e+00
2.055737018585205078e+00
2.010667324066162109e+00
1.963061332702636719e+00
1.959795355796813965e+00
1.983597159385681152e+00
1.961721539497375488e+00
1.943205475807189941e+00
1.933985710144042969e+00
1.982767581939697266e+00
2.063516139984130859e+00
2.067214965820312500e+00
2.041702508926391602e+00
2.007074832916259766e+00
2.049237251281738281e+00
2.046171903610229492e+00
2.007809162139892578e+00
1.992280006408691406e+00
1.981085300445556641e+00
1.969622731208801270e+00
1.964706778526306152e+00
1.959915399551391602e+00
1.975980401039123535e+00
1.998724341392517090e+00
1.968501329421997070e+00
1.945287466049194336e+00
1.948592901229858398e+00
1.948142766952514648e+00
2.075628995895385742e+00
2.133060932159423828e+00
2.110804796218872070e+00
2.065062284469604492e+00
2.013723850250244141e+00
1.975823521614074707e+00
1.991039991378784180e+00
2.009020090103149414e+00
2.015606880187988281e+00
2.326759576797485352e+00
2.437917470932006836e+00
2.345250606536865234e+00
2.244623661041259766e+00
2.168736457824707031e+00
2.120113611221313477e+00
2.129885196685791016e+00
2.115863561630249023e+00
2.066424131393432617e+00
2.031435489654541016e+00
1.998401522636413574e+00
1.994471788406372070e+00
2.162475109100341797e+00
2.341690063476562500e+00
2.356847763061523438e+00
2.304721355438232422e+00
2.262801885604858398e+00
2.178611040115356445e+00
2.107281446456909180e+00
2.070514202117919922e+00
2.049249649047851562e+00
2.080703258514404297e+00
2.072197675704956055e+00
2.232429027557373047e+00
2.268148422241210938e+00
2.221811056137084961e+00
2.178376436233520508e+00
2.145983457565307617e+00
2.111704587936401367e+00
2.117455005645751953e+00
2.124520301818847656e+00
2.136597156524658203e+00
2.142901182174682617e+00
2.139399766921997070e+00
2.134194612503051758e+00
2.108452081680297852e+00
2.102921247482299805e+00
2.213168144226074219e+00
2.256617546081542969e+00
2.241398811340332031e+00
2.214221954345703125e+00
2.263710975646972656e+00
2.273589849472045898e+00
2.238285779953002930e+00
2.202996730804443359e+00
2.178046703338623047e+00
2.147244453430175781e+00
2.203665018081665039e+00
2.229936599731445312e+00
2.224794387817382812e+00
2.411830186843872070e+00
2.499141216278076172e+00
2.450544834136962891e+00
2.372523307800292969e+00
2.312146663665771484e+00
2.272255420684814453e+00
2.261981248855590820e+00
2.246551036834716797e+00
2.227527379989624023e+00
2.215859651565551758e+00
2.254611492156982422e+00
2.447235584259033203e+00
2.505573749542236328e+00
2.431571483612060547e+00
2.353900432586669922e+00
2.298740148544311523e+00
2.265408515930175781e+00
2.246112823486328125e+00
2.233586788177490234e+00
2.220629692077636719e+00
2.208782196044921875e+00
2.198439121246337891e+00
2.194071531295776367e+00
2.193330526351928711e+00
2.192725658416748047e+00
2.196889162063598633e+00
2.199622869491577148e+00
2.236105442047119141e+00
2.228767156600952148e+00
2.214141368865966797e+00
2.199283599853515625e+00
2.195275545120239258e+00
2.193429470062255859e+00
2.175699234008789062e+00
2.147504568099975586e+00
2.074667453765869141e+00
2.040358543395996094e+00
2.111337661743164062e+00
2.258887052536010742e+00
2.302378892898559570e+00
2.272065162658691406e+00
2.240371465682983398e+00
2.209660530090332031e+00
2.194643497467041016e+00
2.196287870407104492e+00
2.356476545333862305e+00
2.427958488464355469e+00
2.383355855941772461e+00
2.322058916091918945e+00
2.276712894439697266e+00
2.219654083251953125e+00
2.250339984893798828e+00
2.280144691467285156e+00
2.244593381881713867e+00
2.215982437133789062e+00
2.200262069702148438e+00
2.184127092361450195e+00
2.150365352630615234e+00
2.111756086349487305e+00
2.097515583038330078e+00
2.096324682235717773e+00
2.097635746002197266e+00
2.093624830245971680e+00
2.099914550781250000e+00
2.307123661041259766e+00
2.351995944976806641e+00
2.283761024475097656e+00
2.198154211044311523e+00
2.132581710815429688e+00
2.207552433013916016e+00
2.220256567001342773e+00
2.169642925262451172e+00
2.135425329208374023e+00
2.114015817642211914e+00
2.102772474288940430e+00
2.119003295898437500e+00
2.155906438827514648e+00
2.148670911788940430e+00
2.138443946838378906e+00
2.218825340270996094e+00
2.280544996261596680e+00
2.277234315872192383e+00
2.231543540954589844e+00
2.190063714981079102e+00
2.128191232681274414e+00
2.096295833587646484e+00
2.179243803024291992e+00
2.193069696426391602e+00
2.150946617126464844e+00
2.334536314010620117e+00
2.390316486358642578e+00
2.322089433670043945e+00
2.238154649734497070e+00
2.180521011352539062e+00
2.142744779586791992e+00
2.122086763381958008e+00
2.115329027175903320e+00
2.140944957733154297e+00
2.121418714523315430e+00
2.140000104904174805e+00
2.139524936676025391e+00
2.106575012207031250e+00
2.083487749099731445e+00
2.095470428466796875e+00
2.118176460266113281e+00
2.089690923690795898e+00
2.073408603668212891e+00
2.067057609558105469e+00
2.082647800445556641e+00
2.053205013275146484e+00
2.008674144744873047e+00
2.086639165878295898e+00
2.093421459197998047e+00
2.040039777755737305e+00
2.012007474899291992e+00
2.070301771163940430e+00
2.083907842636108398e+00
2.046781778335571289e+00
2.016371250152587891e+00
2.063110351562500000e+00
2.046078920364379883e+00
2.005494832992553711e+00
1.975418448448181152e+00
1.979303240776062012e+00
1.984536528587341309e+00
1.962449312210083008e+00
1.907679438591003418e+00
1.888204336166381836e+00
1.900845646858215332e+00
2.010611295700073242e+00
2.063875675201416016e+00
2.054111003875732422e+00
2.016443252563476562e+00
1.958235859870910645e+00
1.886501073837280273e+00
1.836052656173706055e+00
1.839880347251892090e+00
1.832249522209167480e+00
1.842838883399963379e+00
1.847227215766906738e+00
1.882785916328430176e+00
1.862610340118408203e+00
1.815038919448852539e+00
1.822415351867675781e+00
1.846971988677978516e+00
1.855139374732971191e+00
1.846940040588378906e+00
1.791686534881591797e+00
1.715190649032592773e+00
1.661637663841247559e+00
1.615139484405517578e+00
1.643682837486267090e+00
1.666815876960754395e+00
1.629904508590698242e+00
1.612737774848937988e+00
1.633354306221008301e+00
1.623640060424804688e+00
1.620701551437377930e+00
1.638012170791625977e+00
1.716771245002746582e+00
1.699121952056884766e+00
1.645105600357055664e+00
1.603637337684631348e+00
1.639581918716430664e+00
1.714852571487426758e+00
1.745649814605712891e+00
1.754333615303039551e+00
1.711791634559631348e+00
1.692648410797119141e+00
1.673918485641479492e+00
1.636709809303283691e+00
1.575093746185302734e+00
1.517288923263549805e+00
1.521363735198974609e+00
1.505657911300659180e+00
1.485298275947570801e+00
1.509700894355773926e+00
1.511387586593627930e+00
1.534829139709472656e+00
1.609075307846069336e+00
1.635170936584472656e+00
1.612535953521728516e+00
1.581752181053161621e+00
1.557054996490478516e+00
1.525415778160095215e+00
1.470414161682128906e+00
1.392165422439575195e+00
1.315247297286987305e+00
1.268321752548217773e+00
1.267091751098632812e+00
1.377663612365722656e+00
1.411681175231933594e+00
1.473124504089355469e+00
1.485466718673706055e+00
1.480904817581176758e+00
1.469747066497802734e+00
1.470364093780517578e+00
1.535038232803344727e+00
1.535609126091003418e+00
1.497292876243591309e+00
1.530516266822814941e+00
1.609426736831665039e+00
1.667960643768310547e+00
1.694500923156738281e+00
1.748823881149291992e+00
1.749630689620971680e+00
1.755631208419799805e+00
1.745565414428710938e+00
1.734198808670043945e+00
1.682892441749572754e+00
1.677511930465698242e+00
1.682349801063537598e+00
1.688216924667358398e+00
1.748583436012268066e+00
1.720296978950500488e+00
1.661886334419250488e+00
1.736598134040832520e+00
1.772350311279296875e+00
1.792375564575195312e+00
1.802403092384338379e+00
1.803031444549560547e+00
1.778532981872558594e+00
1.707679510116577148e+00
1.679867148399353027e+00
1.652124285697937012e+00
1.668897271156311035e+00
1.689449787139892578e+00
1.697608947753906250e+00
1.723248004913330078e+00
1.751255869865417480e+00
1.771647214889526367e+00
1.888182520866394043e+00
1.903549194335937500e+00
1.847013235092163086e+00
1.779462337493896484e+00
1.768140435218811035e+00
1.769047975540161133e+00
1.757651686668395996e+00
1.744088053703308105e+00
1.716571450233459473e+00
1.698476433753967285e+00
1.699077129364013672e+00
1.700000405311584473e+00
1.699268698692321777e+00
1.704117059707641602e+00
1.737670063972473145e+00
1.769823312759399414e+00
1.779585480690002441e+00
1.780837297439575195e+00
1.882108449935913086e+00
2.190557718276977539e+00
2.233739614486694336e+00
2.072893142700195312e+00
1.958280205726623535e+00
1.919280529022216797e+00
1.849574327468872070e+00
1.802370786666870117e+00
1.791901826858520508e+00
1.810907006263732910e+00
1.821396231651306152e+00
1.817294239997863770e+00
1.805295467376708984e+00
1.811603665351867676e+00
1.825995564460754395e+00
1.813859462738037109e+00
1.802472233772277832e+00
1.782441377639770508e+00
1.799489498138427734e+00
1.840728282928466797e+00
1.870992660522460938e+00
1.878876209259033203e+00
1.896389245986938477e+00
1.908111333847045898e+00
1.910647511482238770e+00
1.909287333488464355e+00
1.896094918251037598e+00
1.948007702827453613e+00
1.989232897758483887e+00
1.930920124053955078e+00
1.842040538787841797e+00
1.776590108871459961e+00
1.769677877426147461e+00
1.788660287857055664e+00
1.814211845397949219e+00
1.835880756378173828e+00
1.839901924133300781e+00
1.831490993499755859e+00
1.866894721984863281e+00
2.063277244567871094e+00
2.222815036773681641e+00
2.207334041595458984e+00
2.105934143066406250e+00
1.983889222145080566e+00
1.950441479682922363e+00
1.915479779243469238e+00
1.871052145957946777e+00
1.828963041305541992e+00
1.814400315284729004e+00
1.822430849075317383e+00
1.838571786880493164e+00
1.858624100685119629e+00
1.870120763778686523e+00
1.865156173706054688e+00
1.854633092880249023e+00
1.866738796234130859e+00
1.889345884323120117e+00
1.894933938980102539e+00
1.884605407714843750e+00
1.979120135307312012e+00
2.023828268051147461e+00
2.014793872833251953e+00
2.012690067291259766e+00
2.005126476287841797e+00
1.999999523162841797e+00
2.036457777023315430e+00
2.133078575134277344e+00
2.152590274810791016e+00
2.098706007003784180e+00
2.062089920043945312e+00
2.037248373031616211e+00
2.012857675552368164e+00
1.975222229957580566e+00
2.119554996490478516e+00
2.161269187927246094e+00
2.098003387451171875e+00
2.057736873626708984e+00
2.034094572067260742e+00
2.093096017837524414e+00
2.116748332977294922e+00
2.116399049758911133e+00
2.113778114318847656e+00
2.112079143524169922e+00
2.104783535003662109e+00
2.099510192871093750e+00
2.100931644439697266e+00
2.114649057388305664e+00
2.089337348937988281e+00
2.074041843414306641e+00
2.053356647491455078e+00
2.014908552169799805e+00
1.997512936592102051e+00
1.999710202217102051e+00
1.971492290496826172e+00
1.964164733886718750e+00
1.974711060523986816e+00
1.984794020652770996e+00
1.985551476478576660e+00
2.015656232833862305e+00
2.054002523422241211e+00
2.083639144897460938e+00
2.102938175201416016e+00
2.105653047561645508e+00
2.094016075134277344e+00
2.092993021011352539e+00
2.162026405334472656e+00
2.216458559036254883e+00
2.214048385620117188e+00
2.186666965484619141e+00
2.168568134307861328e+00
2.176825523376464844e+00
2.216202259063720703e+00
2.208383560180664062e+00
2.155806541442871094e+00
2.075414419174194336e+00
2.151038885116577148e+00
2.184477806091308594e+00
2.128589391708374023e+00
2.054719686508178711e+00
2.201921701431274414e+00
2.301629781723022461e+00
2.283067941665649414e+00
2.205750465393066406e+00
2.136121749877929688e+00
2.085228919982910156e+00
2.069668531417846680e+00
2.077657938003540039e+00
2.085455417633056641e+00
2.095168828964233398e+00
2.096939325332641602e+00
2.090351343154907227e+00
2.078946113586425781e+00
2.064217805862426758e+00
2.077223539352416992e+00
2.222397089004516602e+00
2.290511608123779297e+00
2.281943559646606445e+00
2.254237413406372070e+00
2.236229658126831055e+00
2.223990917205810547e+00
2.207767486572265625e+00
2.182539463043212891e+00
2.168936967849731445e+00
2.166255474090576172e+00
2.169715881347656250e+00
2.233816385269165039e+00
2.261500835418701172e+00
2.243037223815917969e+00
2.208990812301635742e+00
2.177782535552978516e+00
2.145450353622436523e+00
2.116662502288818359e+00
2.108964204788208008e+00
2.152846574783325195e+00
2.209350585937500000e+00
2.227639436721801758e+00
2.221671819686889648e+00
2.285683155059814453e+00
2.349643468856811523e+00
2.330428838729858398e+00
2.292305946350097656e+00
2.265369892120361328e+00
2.250728845596313477e+00
2.290446758270263672e+00
2.304918289184570312e+00
2.245687484741210938e+00
2.337404251098632812e+00
2.352081298828125000e+00
2.303052663803100586e+00
2.260877609252929688e+00
2.229520797729492188e+00
2.194525718688964844e+00
2.118400096893310547e+00
2.042336225509643555e+00
1.995885133743286133e+00
2.028969764709472656e+00
2.028042793273925781e+00
2.022196531295776367e+00
2.032612323760986328e+00
2.088932275772094727e+00
2.087712526321411133e+00
2.059489011764526367e+00
2.045824527740478516e+00
2.040596008300781250e+00
2.034214496612548828e+00
2.029320955276489258e+00
2.042876958847045898e+00
2.051665782928466797e+00
2.058948516845703125e+00
2.068310022354125977e+00
2.078460931777954102e+00
2.092182636260986328e+00
2.102905273437500000e+00
2.146710395812988281e+00
2.193669080734252930e+00
2.200508594512939453e+00
2.200798034667968750e+00
2.181016445159912109e+00
2.151553630828857422e+00
2.131621360778808594e+00
2.125061035156250000e+00
2.186153650283813477e+00
2.170419216156005859e+00
2.127912044525146484e+00
2.082658767700195312e+00
2.058680772781372070e+00
2.040274143218994141e+00
2.036992311477661133e+00
2.047844409942626953e+00
2.042022705078125000e+00
2.046568155288696289e+00
2.040883779525756836e+00
2.025057077407836914e+00
2.030922651290893555e+00
2.046813964843750000e+00
2.052196741104125977e+00
2.045144796371459961e+00
2.073589086532592773e+00
2.073206424713134766e+00
2.043656587600708008e+00
2.034263134002685547e+00
2.033255100250244141e+00
2.032132863998413086e+00
2.032240629196166992e+00
2.011279582977294922e+00
1.993829607963562012e+00
2.019623994827270508e+00
2.033300399780273438e+00
2.038697481155395508e+00
2.035834789276123047e+00
2.038159370422363281e+00
2.164123773574829102e+00
2.167610406875610352e+00
2.083353042602539062e+00
2.073767900466918945e+00
2.061096906661987305e+00
2.121399641036987305e+00
2.100999593734741211e+00
2.032649278640747070e+00
1.972468018531799316e+00
1.984129428863525391e+00
1.955022335052490234e+00
1.921133756637573242e+00
1.864777803421020508e+00
1.835341811180114746e+00
1.870238900184631348e+00
1.888712167739868164e+00
1.922205567359924316e+00
1.965740442276000977e+00
1.934878587722778320e+00
1.873295664787292480e+00
1.806262731552124023e+00
1.748999834060668945e+00
1.803612470626831055e+00
1.820624589920043945e+00
1.790034413337707520e+00
1.765795230865478516e+00
1.739083647727966309e+00
1.719941258430480957e+00
1.741883039474487305e+00
1.769321799278259277e+00
1.806390166282653809e+00
1.792610168457031250e+00
1.764499783515930176e+00
1.764542579650878906e+00
1.778354167938232422e+00
1.797203183174133301e+00
1.763165712356567383e+00
1.692364215850830078e+00
1.604187488555908203e+00
1.568924427032470703e+00
1.629534363746643066e+00
1.674586176872253418e+00
1.688928604125976562e+00
1.679057121276855469e+00
1.666122198104858398e+00
1.648458719253540039e+00
1.657159447669982910e+00
1.698208808898925781e+00
1.707565069198608398e+00
1.678725838661193848e+00
1.627430796623229980e+00
1.579472541809082031e+00
1.576323509216308594e+00
1.616198539733886719e+00
1.637527823448181152e+00
1.626030564308166504e+00
1.583152651786804199e+00
1.533326625823974609e+00
1.521507263183593750e+00
1.547060370445251465e+00
1.586060285568237305e+00
1.609955906867980957e+00
1.598000764846801758e+00
1.599274754524230957e+00
1.680350542068481445e+00
1.752995967864990234e+00
1.944663882255554199e+00
1.999853968620300293e+00
1.902413845062255859e+00
1.764630675315856934e+00
1.654558300971984863e+00
1.595714092254638672e+00
1.563179969787597656e+00
1.513890624046325684e+00
1.471330165863037109e+00
1.438009738922119141e+00
1.411091566085815430e+00
1.410122513771057129e+00
1.420504689216613770e+00
1.440672993659973145e+00
1.468856573104858398e+00
1.480798602104187012e+00
1.469628810882568359e+00
1.483239650726318359e+00
1.559857368469238281e+00
1.580856084823608398e+00
1.575044393539428711e+00
1.612052202224731445e+00
1.632883310317993164e+00
1.623999834060668945e+00
1.607886672019958496e+00
1.578957557678222656e+00
1.552060127258300781e+00
1.544297456741333008e+00
1.535843968391418457e+00
1.521719694137573242e+00
1.478247284889221191e+00
1.454142332077026367e+00
1.476221323013305664e+00
1.554330825805664062e+00
1.619459033012390137e+00
1.636243104934692383e+00
1.615696072578430176e+00
1.644526958465576172e+00
1.661146521568298340e+00
1.671808600425720215e+00
1.689060449600219727e+00
1.689915180206298828e+00
1.717703461647033691e+00
1.741569399833679199e+00
1.739241480827331543e+00
1.764840841293334961e+00
1.770093679428100586e+00
1.764774560928344727e+00
1.783139586448669434e+00
1.787967801094055176e+00
1.777763605117797852e+00
1.759711503982543945e+00
1.805782556533813477e+00
1.835526943206787109e+00
1.868713378906250000e+00
1.867010474205017090e+00
1.875205397605895996e+00
1.874182224273681641e+00
1.840413331985473633e+00
1.845785140991210938e+00
1.847699761390686035e+00
1.859447002410888672e+00
1.859673738479614258e+00
1.817050337791442871e+00
1.830671429634094238e+00
1.848768234252929688e+00
1.863445162773132324e+00
1.994554638862609863e+00
2.005743980407714844e+00
1.997188806533813477e+00
1.972707033157348633e+00
1.942196369171142578e+00
1.913056135177612305e+00
1.882027506828308105e+00
1.892565965652465820e+00
1.900462388992309570e+00
1.895546317100524902e+00
1.879322052001953125e+00
1.854034304618835449e+00
1.890892148017883301e+00
1.917483448982238770e+00
2.059734821319580078e+00
2.095599174499511719e+00
2.012680768966674805e+00
1.911321520805358887e+00
1.825795769691467285e+00
1.796953439712524414e+00
1.788116097450256348e+00
1.769671678543090820e+00
1.924513339996337891e+00
1.975367188453674316e+00
1.939413189888000488e+00
1.894397854804992676e+00
1.880556344985961914e+00
1.865562915802001953e+00
1.859941244125366211e+00
2.098944425582885742e+00
2.129081249237060547e+00
2.059287071228027344e+00
1.971431016921997070e+00
1.896283864974975586e+00
1.858319282531738281e+00
2.084759473800659180e+00
2.413276910781860352e+00
2.435200214385986328e+00
2.298968791961669922e+00
2.171094417572021484e+00
2.073605537414550781e+00
2.109197854995727539e+00
2.119269847869873047e+00
2.060364484786987305e+00
2.010583877563476562e+00
1.971754550933837891e+00
2.188729763031005859e+00
2.271092414855957031e+00
2.214070558547973633e+00
2.152205228805541992e+00
2.214360237121582031e+00
2.321825504302978516e+00
2.318980455398559570e+00
2.424760580062866211e+00
2.552989959716796875e+00
2.499989509582519531e+00
2.339043617248535156e+00
2.223216533660888672e+00
2.225713729858398438e+00
2.204888343811035156e+00
2.137016296386718750e+00
2.063984870910644531e+00
2.018988609313964844e+00
1.992050051689147949e+00
2.006376266479492188e+00
2.020168304443359375e+00
2.088252782821655273e+00
2.108325958251953125e+00
2.094241380691528320e+00
2.090531587600708008e+00
2.126349687576293945e+00
2.133335590362548828e+00
2.139943122863769531e+00
2.124579191207885742e+00
2.112569570541381836e+00
2.132415056228637695e+00
2.137499570846557617e+00
2.128665447235107422e+00
2.237206459045410156e+00
2.283057928085327148e+00
2.250860452651977539e+00
2.209787607192993164e+00
2.179006576538085938e+00
2.207460165023803711e+00
2.252721786499023438e+00
2.239972114562988281e+00
2.192851543426513672e+00
2.149270296096801758e+00
2.120928287506103516e+00
2.201441764831542969e+00
2.235409498214721680e+00
2.173445701599121094e+00
2.089739561080932617e+00
2.033015966415405273e+00
2.008655309677124023e+00
2.024353027343750000e+00
2.019348859786987305e+00
2.001396656036376953e+00
2.007246017456054688e+00
2.032322168350219727e+00
2.053059816360473633e+00
2.072156429290771484e+00
2.093176603317260742e+00
2.128308057785034180e+00
2.140911579132080078e+00
2.148753881454467773e+00
2.149658441543579102e+00
2.151066541671752930e+00
2.149595975875854492e+00
2.145203828811645508e+00
2.144070625305175781e+00
2.138363838195800781e+00
2.260368585586547852e+00
2.309160947799682617e+00
2.275715827941894531e+00
2.226320981979370117e+00
2.205954551696777344e+00
2.181303262710571289e+00
2.115053415298461914e+00
2.331253528594970703e+00
2.441966772079467773e+00
2.382178544998168945e+00
2.292400836944580078e+00
2.245370864868164062e+00
2.333228349685668945e+00
2.350162267684936523e+00
2.295040369033813477e+00
2.604781150817871094e+00
2.725523948669433594e+00
2.618761777877807617e+00
2.478663444519042969e+00
2.366467475891113281e+00
2.291830062866210938e+00
2.246374368667602539e+00
2.220766305923461914e+00
2.210407495498657227e+00
2.204203128814697266e+00
2.202214241027832031e+00
2.213153362274169922e+00
2.252410173416137695e+00
2.213068962097167969e+00
2.155288457870483398e+00
2.190300226211547852e+00
2.199733734130859375e+00
2.205585002899169922e+00
2.208058118820190430e+00
2.213195800781250000e+00
2.253800153732299805e+00
2.280310869216918945e+00
2.262743473052978516e+00
2.248802661895751953e+00
2.291867017745971680e+00
2.590461492538452148e+00
2.726762294769287109e+00
2.601287126541137695e+00
2.501396179199218750e+00
2.381355285644531250e+00
2.255786657333374023e+00
2.167960166931152344e+00
2.124933242797851562e+00
2.115182399749755859e+00
2.121998310089111328e+00
2.185377359390258789e+00
2.214601516723632812e+00
2.210767269134521484e+00
2.208316087722778320e+00
2.204544305801391602e+00
2.243615388870239258e+00
2.297781944274902344e+00
2.296222209930419922e+00
2.278790473937988281e+00
2.262435913085937500e+00
2.249351978302001953e+00
2.229172706604003906e+00
2.195514440536499023e+00
2.148600101470947266e+00
2.119374513626098633e+00
2.112124681472778320e+00
2.118104457855224609e+00
2.122797012329101562e+00
2.217210292816162109e+00
2.206509590148925781e+00
2.148294925689697266e+00
2.104330062866210938e+00
2.096537113189697266e+00
2.095206737518310547e+00
2.083263397216796875e+00
2.091221570968627930e+00
2.106933832168579102e+00
2.126354932785034180e+00
2.136309862136840820e+00
2.137964487075805664e+00
2.140567064285278320e+00
2.134163141250610352e+00
2.126801967620849609e+00
2.122562170028686523e+00
2.122065067291259766e+00
2.091283798217773438e+00
2.060346126556396484e+00
2.069126367568969727e+00
2.094013690948486328e+00
2.234629869461059570e+00
2.251948118209838867e+00
2.207833051681518555e+00
2.159877777099609375e+00
2.155846595764160156e+00
2.126017093658447266e+00
2.385907411575317383e+00
2.495181798934936523e+00
2.426085710525512695e+00
2.312846422195434570e+00
2.208471536636352539e+00
2.126262664794921875e+00
2.052089214324951172e+00
2.058782339096069336e+00
2.043005228042602539e+00
2.027570009231567383e+00
2.057107925415039062e+00
2.064471483230590820e+00
2.083377838134765625e+00
2.096595048904418945e+00
2.198527336120605469e+00
2.201402664184570312e+00
2.147903203964233398e+00
2.112065315246582031e+00
2.079679727554321289e+00
2.027263879776000977e+00
2.020920753479003906e+00
2.033513545989990234e+00
2.039390325546264648e+00
2.023710727691650391e+00
2.068215608596801758e+00
2.220558404922485352e+00
2.296540021896362305e+00
2.238459825515747070e+00
2.168002367019653320e+00
2.105391263961791992e+00
2.058028697967529297e+00
2.011953830718994141e+00
1.979698181152343750e+00
2.079556465148925781e+00
2.085556983947753906e+00
1.999747991561889648e+00
1.923867583274841309e+00
1.872358441352844238e+00
1.858350992202758789e+00
1.886652112007141113e+00
1.935739755630493164e+00
1.975946545600891113e+00
1.977672219276428223e+00
2.010596513748168945e+00
2.092226266860961914e+00
2.101258516311645508e+00
2.045913696289062500e+00
1.979884266853332520e+00
1.919024825096130371e+00
1.884346842765808105e+00
1.864241242408752441e+00
1.839415192604064941e+00
1.811128735542297363e+00
1.837712407112121582e+00
1.847481131553649902e+00
1.797356247901916504e+00
1.710154533386230469e+00
1.626663804054260254e+00
1.588994741439819336e+00
1.571849107742309570e+00
1.583071708679199219e+00
1.622824907302856445e+00
1.665015935897827148e+00
1.700242877006530762e+00
1.724820613861083984e+00
1.718923449516296387e+00
1.853318333625793457e+00
1.979794263839721680e+00
2.046390533447265625e+00
2.080732107162475586e+00
2.086749792098999023e+00
2.013513326644897461e+00
1.911449909210205078e+00
1.829771518707275391e+00
1.790230393409729004e+00
1.764779329299926758e+00
1.726023435592651367e+00
1.672644734382629395e+00
1.822970509529113770e+00
1.905835866928100586e+00
1.876337051391601562e+00
1.952290773391723633e+00
1.969640135765075684e+00
1.881609559059143066e+00
1.866716146469116211e+00
1.798843502998352051e+00
1.724120974540710449e+00
1.646731853485107422e+00
2.072001457214355469e+00
2.206733226776123047e+00
2.100285530090332031e+00
1.963730931282043457e+00
1.825532317161560059e+00
1.690895915031433105e+00
1.746801495552062988e+00
1.772425651550292969e+00
1.729120731353759766e+00
1.712160348892211914e+00
1.684921145439147949e+00
1.653435945510864258e+00
1.634363651275634766e+00
1.613642573356628418e+00
1.576798677444458008e+00
1.561096191406250000e+00
1.576181888580322266e+00
1.586231708526611328e+00
1.591873645782470703e+00
1.585546731948852539e+00
1.568928241729736328e+00
1.555823445320129395e+00
1.537987470626831055e+00
1.508896589279174805e+00
1.476951837539672852e+00
1.444268107414245605e+00
1.528113126754760742e+00
1.602241039276123047e+00
1.611415743827819824e+00
1.633087873458862305e+00
1.671545028686523438e+00
1.683937311172485352e+00
1.680014610290527344e+00
1.689260244369506836e+00
1.681979298591613770e+00
1.655600547790527344e+00
1.640469908714294434e+00
1.647337079048156738e+00
1.662057638168334961e+00
1.649021029472351074e+00
1.592650651931762695e+00
1.547754883766174316e+00
1.517475962638854980e+00
1.536082625389099121e+00
1.548842191696166992e+00
1.548154115676879883e+00
1.560318470001220703e+00
1.573090076446533203e+00
1.594827771186828613e+00
1.606790661811828613e+00
1.595371842384338379e+00
1.590952157974243164e+00
1.581377148628234863e+00
1.594247817993164062e+00
1.593338727951049805e+00
1.569572687149047852e+00
1.596589207649230957e+00
1.676182985305786133e+00
1.713512778282165527e+00
1.698207259178161621e+00
1.648657202720642090e+00
1.614250659942626953e+00
1.691021680831909180e+00
2.174673557281494141e+00
2.351667404174804688e+00
2.207081556320190430e+00
2.028241395950317383e+00
1.882384777069091797e+00
1.789770126342773438e+00
1.762790679931640625e+00
1.744857788085937500e+00
1.727736473083496094e+00
1.728407979011535645e+00
1.749287605285644531e+00
1.776136875152587891e+00
1.798025250434875488e+00
1.813515901565551758e+00
1.921057701110839844e+00
1.907214641571044922e+00
1.867746949195861816e+00
1.857852339744567871e+00
1.858970522880554199e+00
1.832198262214660645e+00
1.855636358261108398e+00
1.888784885406494141e+00
1.919337630271911621e+00
1.920938730239868164e+00
1.998162269592285156e+00
2.030613660812377930e+00
2.027997970581054688e+00
1.987359046936035156e+00
1.964577078819274902e+00
1.945889353752136230e+00
1.900125265121459961e+00
1.894454479217529297e+00
1.897420763969421387e+00
1.896318197250366211e+00
1.910962820053100586e+00
1.918806433677673340e+00
1.911745429039001465e+00
1.950105071067810059e+00
1.984248995780944824e+00
1.945546150207519531e+00
1.896866321563720703e+00
1.857524633407592773e+00
1.834423422813415527e+00
1.838652968406677246e+00
1.883538961410522461e+00
1.889584064483642578e+00
1.950979471206665039e+00
1.968946814537048340e+00
1.959241509437561035e+00
1.954354166984558105e+00
1.954626441001892090e+00
1.957618713378906250e+00
1.946579694747924805e+00
1.914774656295776367e+00
1.919015765190124512e+00
1.961998701095581055e+00
2.030999183654785156e+00
2.032255411148071289e+00
1.996474742889404297e+00
1.964455723762512207e+00
1.960797548294067383e+00
1.977847695350646973e+00
1.999602437019348145e+00
2.014834403991699219e+00
2.016982078552246094e+00
1.994459152221679688e+00
2.012534379959106445e+00
1.992746829986572266e+00
1.953333973884582520e+00
1.919218301773071289e+00
1.907078504562377930e+00
1.931437730789184570e+00
1.974171280860900879e+00
2.080122947692871094e+00
2.123144865036010742e+00
2.108182191848754883e+00
2.091354131698608398e+00
2.081900358200073242e+00
2.277580022811889648e+00
2.554448366165161133e+00
2.600445270538330078e+00
2.442683219909667969e+00
2.274077653884887695e+00
2.157928466796875000e+00
2.259736537933349609e+00
2.314417362213134766e+00
2.259037256240844727e+00
2.170063018798828125e+00
2.100976943969726562e+00
2.045524358749389648e+00
2.016343355178833008e+00
1.993777513504028320e+00
1.958188176155090332e+00
1.935416698455810547e+00
1.964974641799926758e+00
1.975909113883972168e+00
2.022927522659301758e+00
2.042595863342285156e+00
2.045557498931884766e+00
2.039361476898193359e+00
2.080555200576782227e+00
2.180232048034667969e+00
2.199174165725708008e+00
2.173476457595825195e+00
2.134671449661254883e+00
2.099115848541259766e+00
2.067587614059448242e+00
2.042014360427856445e+00
2.054304599761962891e+00
2.071718454360961914e+00
2.122938394546508789e+00
2.142781734466552734e+00
2.132374763488769531e+00
2.165206432342529297e+00
2.149715900421142578e+00
2.115302801132202148e+00
2.097412824630737305e+00
2.145299911499023438e+00
2.252830028533935547e+00
2.272617578506469727e+00
2.230458974838256836e+00
2.179305076599121094e+00
2.138401746749877930e+00
2.104885578155517578e+00
2.246066570281982422e+00
2.318224430084228516e+00
2.291950941085815430e+00
2.255995750427246094e+00
2.225586175918579102e+00
2.186363697052001953e+00
2.158302307128906250e+00
2.127263784408569336e+00
2.216334342956542969e+00
2.315528631210327148e+00
2.312239646911621094e+00
2.320283889770507812e+00
2.380452632904052734e+00
2.374366521835327148e+00
2.330112457275390625e+00
2.329395294189453125e+00
2.293002367019653320e+00
2.224688529968261719e+00
2.165844440460205078e+00
2.209508180618286133e+00
2.278722286224365234e+00
2.255974769592285156e+00
2.213486433029174805e+00
2.192196130752563477e+00
2.191892147064208984e+00
2.194136142730712891e+00
2.188256263732910156e+00
2.176694631576538086e+00
2.170649290084838867e+00
2.250522375106811523e+00
2.279736042022705078e+00
2.261114597320556641e+00
2.242158889770507812e+00
2.226687192916870117e+00
2.191325187683105469e+00
2.154419660568237305e+00
2.123699903488159180e+00
2.097290277481079102e+00
2.105331659317016602e+00
2.115581989288330078e+00
2.134015083312988281e+00
2.142746686935424805e+00
2.191771030426025391e+00
2.177436590194702148e+00
2.149046182632446289e+00
2.104098081588745117e+00
2.087687015533447266e+00
2.093328714370727539e+00
2.183034420013427734e+00
2.270502328872680664e+00
2.291612625122070312e+00
2.280444145202636719e+00
2.267559528350830078e+00
2.273145437240600586e+00
2.238965511322021484e+00
2.211623907089233398e+00
2.209345102310180664e+00
2.326916694641113281e+00
2.373570680618286133e+00
2.345844984054565430e+00
2.306224822998046875e+00
2.280195474624633789e+00
2.265486240386962891e+00
2.244116783142089844e+00
2.235969305038452148e+00
2.216983795166015625e+00
2.215135812759399414e+00
2.214890718460083008e+00
2.294004440307617188e+00
2.308560609817504883e+00
2.247903347015380859e+00
2.184839725494384766e+00
2.126099824905395508e+00
2.064996480941772461e+00
2.089775800704956055e+00
2.092023849487304688e+00
2.085227251052856445e+00
2.077269077301025391e+00
2.068486690521240234e+00
2.050573348999023438e+00
2.058711528778076172e+00
2.036881208419799805e+00
2.033077955245971680e+00
2.063238859176635742e+00
2.081269741058349609e+00
2.105638504028320312e+00
2.173774719238281250e+00
2.192407369613647461e+00
2.149594783782958984e+00
2.131927967071533203e+00
2.125614643096923828e+00
2.136584043502807617e+00
2.245604038238525391e+00
2.242467164993286133e+00
2.195163249969482422e+00
2.146517038345336914e+00
2.116344213485717773e+00
2.098936080932617188e+00
2.084642648696899414e+00
2.072528600692749023e+00
2.076985120773315430e+00
2.075185298919677734e+00
2.262275934219360352e+00
2.312232017517089844e+00
2.261896610260009766e+00
2.207529306411743164e+00
2.136190176010131836e+00
2.144413471221923828e+00
2.125148534774780273e+00
2.105137825012207031e+00
2.218437433242797852e+00
2.299981832504272461e+00
2.251792669296264648e+00
2.198415517807006836e+00
2.133329391479492188e+00
2.069586277008056641e+00
2.035940885543823242e+00
2.065701246261596680e+00
2.049277782440185547e+00
2.066559076309204102e+00
2.175851345062255859e+00
2.179293870925903320e+00
2.115774869918823242e+00
2.076189279556274414e+00
2.026897668838500977e+00
1.985728025436401367e+00
1.951181411743164062e+00
1.927617549896240234e+00
1.934380412101745605e+00
1.930639624595642090e+00
1.915036678314208984e+00
1.936514973640441895e+00
1.956068873405456543e+00
1.953786849975585938e+00
1.925734639167785645e+00
1.865805745124816895e+00
1.829118847846984863e+00
1.833985805511474609e+00
1.855512380599975586e+00
1.885375380516052246e+00
1.907333374023437500e+00
1.930671691894531250e+00
1.939325928688049316e+00
1.933831214904785156e+00
1.915347099304199219e+00
1.853578448295593262e+00
1.773451328277587891e+00
1.759120821952819824e+00
1.758353233337402344e+00
1.755912542343139648e+00
1.796655774116516113e+00
1.823353171348571777e+00
1.813596725463867188e+00
1.958329200744628906e+00
2.007821321487426758e+00
1.963651299476623535e+00
1.931098461151123047e+00
1.879213571548461914e+00
1.821312427520751953e+00
1.791208386421203613e+00
1.803009033203125000e+00
1.772580981254577637e+00
1.725539445877075195e+00
1.715610265731811523e+00
1.676508188247680664e+00
1.625725388526916504e+00
1.581895589828491211e+00
1.546492695808410645e+00
1.757279872894287109e+00
1.827808380126953125e+00
1.775005102157592773e+00
1.734941124916076660e+00
1.685249567031860352e+00
1.712120771408081055e+00
1.810829043388366699e+00
1.819589614868164062e+00
1.769117832183837891e+00
1.683683991432189941e+00
1.599241495132446289e+00
1.542769193649291992e+00
1.516305685043334961e+00
1.512991070747375488e+00
1.492293834686279297e+00
1.455099821090698242e+00
1.481932163238525391e+00
1.538787484169006348e+00
1.588356614112854004e+00
1.636091351509094238e+00
1.677181005477905273e+00
1.708592534065246582e+00
1.724399566650390625e+00
1.717899084091186523e+00
1.666698217391967773e+00
1.593669652938842773e+00
1.592482089996337891e+00
1.622588992118835449e+00
1.642527580261230469e+00
1.638688802719116211e+00
1.608317852020263672e+00
1.582861900329589844e+00
1.602744698524475098e+00
1.613929033279418945e+00
1.644126534461975098e+00
1.689953565597534180e+00
1.699189901351928711e+00
1.652024865150451660e+00
1.604539155960083008e+00
1.790420651435852051e+00
1.867678523063659668e+00
1.951399922370910645e+00
1.924920439720153809e+00
1.895022988319396973e+00
1.820613622665405273e+00
1.693730354309082031e+00
1.648734092712402344e+00
1.644920229911804199e+00
1.659272670745849609e+00
1.724087357521057129e+00
1.761812686920166016e+00
1.733161926269531250e+00
1.696333885192871094e+00
1.667299985885620117e+00
1.648699641227722168e+00
1.778172016143798828e+00
1.842811107635498047e+00
1.775488376617431641e+00
1.765716433525085449e+00
1.765231370925903320e+00
1.700049519538879395e+00
1.684133887290954590e+00
1.679817438125610352e+00
1.690453767776489258e+00
1.707610249519348145e+00
1.697452545166015625e+00
1.669043898582458496e+00
1.648250341415405273e+00
1.663269042968750000e+00
1.660838842391967773e+00
1.648333549499511719e+00
1.666698575019836426e+00
1.652753591537475586e+00
1.635226130485534668e+00
1.621023654937744141e+00
1.630749225616455078e+00
1.681377291679382324e+00
1.710793256759643555e+00
1.740925431251525879e+00
1.823988914489746094e+00
1.874792456626892090e+00
1.897378444671630859e+00
1.907570838928222656e+00
1.907136797904968262e+00
1.894994020462036133e+00
1.878425955772399902e+00
1.854619979858398438e+00
1.853123664855957031e+00
1.945276975631713867e+00
1.944617748260498047e+00
1.908547878265380859e+00
1.887309312820434570e+00
1.886910676956176758e+00
1.883989572525024414e+00
1.864062666893005371e+00
1.823329687118530273e+00
1.775261759757995605e+00
1.782170534133911133e+00
1.790251255035400391e+00
1.768559455871582031e+00
1.762507438659667969e+00
1.773599863052368164e+00
1.781783819198608398e+00
1.764901876449584961e+00
1.734795928001403809e+00
1.710923433303833008e+00
1.740679621696472168e+00
1.787668228149414062e+00
1.823871612548828125e+00
1.860173821449279785e+00
1.864985704421997070e+00
1.890548825263977051e+00
1.909059405326843262e+00
1.925103783607482910e+00
1.940455079078674316e+00
1.980492591857910156e+00
2.071290969848632812e+00
2.078430414199829102e+00
2.030242919921875000e+00
1.976482391357421875e+00
1.944609880447387695e+00
2.135493516921997070e+00
2.255915164947509766e+00
2.197639703750610352e+00
2.113036632537841797e+00
2.020160913467407227e+00
1.961277604103088379e+00
1.921647548675537109e+00
1.907408475875854492e+00
2.013629674911499023e+00
2.027732372283935547e+00
1.980067491531372070e+00
1.951865673065185547e+00
1.944920539855957031e+00
1.998596072196960449e+00
2.024888277053833008e+00
2.017358779907226562e+00
2.009801149368286133e+00
2.013218641281127930e+00
2.016430377960205078e+00
2.012316942214965820e+00
2.004562139511108398e+00
1.987754821777343750e+00
2.031195163726806641e+00
2.047266244888305664e+00
2.043003082275390625e+00
2.157813549041748047e+00
2.211125612258911133e+00
2.203328132629394531e+00
2.162964105606079102e+00
2.137896299362182617e+00
2.118480443954467773e+00
2.086075067520141602e+00
2.046652078628540039e+00
2.011908531188964844e+00
2.019966840744018555e+00
2.004195213317871094e+00
1.981356501579284668e+00
1.974934339523315430e+00
1.990646719932556152e+00
2.010488748550415039e+00
2.032007694244384766e+00
2.052844285964965820e+00
2.062463760375976562e+00
2.049248695373535156e+00
2.062601566314697266e+00
2.071784019470214844e+00
2.069492101669311523e+00
2.056906700134277344e+00
2.035269975662231445e+00
2.012005567550659180e+00
2.024623870849609375e+00
2.041128396987915039e+00
2.077775716781616211e+00
2.087347507476806641e+00
2.203236103057861328e+00
2.222031116485595703e+00
2.165701389312744141e+00
2.120177030563354492e+00
2.156916141510009766e+00
2.190042734146118164e+00
2.171966552734375000e+00
2.166170835494995117e+00
2.153951168060302734e+00
2.110580682754516602e+00
2.053396940231323242e+00
2.108117341995239258e+00
2.153607845306396484e+00
2.287629842758178711e+00
2.505373001098632812e+00
2.573078393936157227e+00
2.465688943862915039e+00
2.317677736282348633e+00
2.221080780029296875e+00
2.193277597427368164e+00
2.177110910415649414e+00
2.207036972045898438e+00
2.218297481536865234e+00
2.200911283493041992e+00
2.176848649978637695e+00
2.181292772293090820e+00
2.171490192413330078e+00
2.136640787124633789e+00
2.138934373855590820e+00
2.300131082534790039e+00
2.404063701629638672e+00
2.362560749053955078e+00
2.297009229660034180e+00
2.248815774917602539e+00
2.219367027282714844e+00
2.178944110870361328e+00
2.137614250183105469e+00
2.099364995956420898e+00
2.092687845230102539e+00
2.096839189529418945e+00
2.100659370422363281e+00
2.097576379776000977e+00
2.108687400817871094e+00
2.125877618789672852e+00
2.140304803848266602e+00
2.149270057678222656e+00
2.159651041030883789e+00
2.165630102157592773e+00
2.211843252182006836e+00
2.326535224914550781e+00
2.314739942550659180e+00
2.274080276489257812e+00
2.237940311431884766e+00
2.219510078430175781e+00
2.215473175048828125e+00
2.400460958480834961e+00
2.458538532257080078e+00
2.354261398315429688e+00
2.223104953765869141e+00
2.117554426193237305e+00
2.080550193786621094e+00
2.187490463256835938e+00
2.252690553665161133e+00
2.198978900909423828e+00
2.109374046325683594e+00
2.028381824493408203e+00
1.983327031135559082e+00
1.954724073410034180e+00
1.954784393310546875e+00
1.962011814117431641e+00
1.983445644378662109e+00
2.005915641784667969e+00
2.081977128982543945e+00
2.166019678115844727e+00
2.444823980331420898e+00
2.526656866073608398e+00
2.454231500625610352e+00
2.369196414947509766e+00
2.314139366149902344e+00
2.312877416610717773e+00
2.291995286941528320e+00
2.268438339233398438e+00
2.250159740447998047e+00
2.236498117446899414e+00
2.259563684463500977e+00
2.222280979156494141e+00
2.206792831420898438e+00
2.246618986129760742e+00
2.256725311279296875e+00
2.242555856704711914e+00
2.230554819107055664e+00
2.212255716323852539e+00
2.156079530715942383e+00
2.090321540832519531e+00
2.047579050064086914e+00
2.088374853134155273e+00
2.124720096588134766e+00
2.204023838043212891e+00
2.239685297012329102e+00
2.205022335052490234e+00
2.139433383941650391e+00
2.074384212493896484e+00
2.029923200607299805e+00
2.020450115203857422e+00
2.033097982406616211e+00
2.048729658126831055e+00
2.064264297485351562e+00
2.075144767761230469e+00
2.087770462036132812e+00
2.093564748764038086e+00
2.094414949417114258e+00
2.093692541122436523e+00
2.152177095413208008e+00
2.158269643783569336e+00
2.117741823196411133e+00
2.171152591705322266e+00
2.178673028945922852e+00
2.152166128158569336e+00
2.117899656295776367e+00
2.167682886123657227e+00
2.172898530960083008e+00
2.173236608505249023e+00
2.149080991744995117e+00
2.109753847122192383e+00
2.077498912811279297e+00
2.056843996047973633e+00
2.027395963668823242e+00
1.982309818267822266e+00
2.000316143035888672e+00
1.982172608375549316e+00
1.944204211235046387e+00
1.921074867248535156e+00
2.048147201538085938e+00
2.049825429916381836e+00
1.976812839508056641e+00
1.892220616340637207e+00
1.828724741935729980e+00
1.816838026046752930e+00
1.842039465904235840e+00
1.882896304130554199e+00
1.911749243736267090e+00
1.905773401260375977e+00
1.867473483085632324e+00
1.819558024406433105e+00
1.796326637268066406e+00
1.785358786582946777e+00
1.784349560737609863e+00
2.044794559478759766e+00
2.166597366333007812e+00
2.113943576812744141e+00
2.007920503616333008e+00
1.937696814537048340e+00
1.887385487556457520e+00
1.883824348449707031e+00
1.872112751007080078e+00
1.825413942337036133e+00
1.781067252159118652e+00
1.868229985237121582e+00
1.894232630729675293e+00
1.923299193382263184e+00
1.911655545234680176e+00
1.889923453330993652e+00
1.861708521842956543e+00
1.823499798774719238e+00
1.801106810569763184e+00
1.790060877799987793e+00
1.810893535614013672e+00
1.800790071487426758e+00
1.774005889892578125e+00
1.802458882331848145e+00
2.098150730133056641e+00
2.437676668167114258e+00
2.455127716064453125e+00
2.310426473617553711e+00
2.094052076339721680e+00
1.901048898696899414e+00
1.773560643196105957e+00
1.664693832397460938e+00
1.570229411125183105e+00
1.503612875938415527e+00
1.472490310668945312e+00
1.485500216484069824e+00
1.489387869834899902e+00
1.683264613151550293e+00
1.892462372779846191e+00
1.952331066131591797e+00
1.945519566535949707e+00
1.875417470932006836e+00
1.766952633857727051e+00
1.713206291198730469e+00
1.675004720687866211e+00
1.678852796554565430e+00
1.764712691307067871e+00
1.820869684219360352e+00
1.775762081146240234e+00
1.696940779685974121e+00
1.654467821121215820e+00
1.744988679885864258e+00
1.813200950622558594e+00
1.792666316032409668e+00
1.747613668441772461e+00
1.683486700057983398e+00
1.582368254661560059e+00
1.530790567398071289e+00
1.599732279777526855e+00
1.594161629676818848e+00
1.584808349609375000e+00
1.557875871658325195e+00
1.515978813171386719e+00
1.462069749832153320e+00
1.427820205688476562e+00
1.423488855361938477e+00
1.472777128219604492e+00
1.524877190589904785e+00
1.561069607734680176e+00
1.543134570121765137e+00
1.534792184829711914e+00
1.536118984222412109e+00
1.548620223999023438e+00
1.583305120468139648e+00
1.612618684768676758e+00
1.619743227958679199e+00
1.622596263885498047e+00
1.623947143554687500e+00
1.604939937591552734e+00
1.569197535514831543e+00
1.525116920471191406e+00
1.483430862426757812e+00
1.456657648086547852e+00
1.617718219757080078e+00
1.686066389083862305e+00
1.724119544029235840e+00
1.732229232788085938e+00
1.713778257369995117e+00
1.667863607406616211e+00
1.620419979095458984e+00
1.580823421478271484e+00
1.591456651687622070e+00
1.620732069015502930e+00
1.630496501922607422e+00
1.637063860893249512e+00
1.658062577247619629e+00
1.650446772575378418e+00
1.606450200080871582e+00
1.539892435073852539e+00
1.492433071136474609e+00
1.482547998428344727e+00
1.484939098358154297e+00
1.495583057403564453e+00
1.524779677391052246e+00
1.555933713912963867e+00
1.588911056518554688e+00
1.630711555480957031e+00
1.664342880249023438e+00
1.662660360336303711e+00
1.643712043762207031e+00
1.601829290390014648e+00
1.642714023590087891e+00
1.765355467796325684e+00
1.796586155891418457e+00
1.785667061805725098e+00
1.786277890205383301e+00
1.773366212844848633e+00
1.762165665626525879e+00
1.738239526748657227e+00
1.678426265716552734e+00
1.685809612274169922e+00
1.717609167098999023e+00
1.739346742630004883e+00
1.702937602996826172e+00
1.651669859886169434e+00
1.621053218841552734e+00
1.655600786209106445e+00
1.722571134567260742e+00
1.767935991287231445e+00
1.801769852638244629e+00
1.858904123306274414e+00
1.807570338249206543e+00
1.790816307067871094e+00
1.806575894355773926e+00
1.819860458374023438e+00
1.826850652694702148e+00
1.820927500724792480e+00
1.822788476943969727e+00
1.838369965553283691e+00
1.870391249656677246e+00
1.893463730812072754e+00
1.928910493850708008e+00
1.953244566917419434e+00
2.066014766693115234e+00
2.088609933853149414e+00
2.007100582122802734e+00
1.931207895278930664e+00
2.032123804092407227e+00
2.244685411453247070e+00
2.256102561950683594e+00
2.130420446395874023e+00
1.989581942558288574e+00
1.865145325660705566e+00
1.812737345695495605e+00
1.794245004653930664e+00
1.799063205718994141e+00
1.811603188514709473e+00
1.819333314895629883e+00
1.808372139930725098e+00
1.843095183372497559e+00
1.881365060806274414e+00
1.949458360671997070e+00
1.946123242378234863e+00
1.976761221885681152e+00
1.961522221565246582e+00
1.905232310295104980e+00
1.858798861503601074e+00
1.836949348449707031e+00
1.828770756721496582e+00
1.828608989715576172e+00
1.845892906188964844e+00
1.854911804199218750e+00
1.855756402015686035e+00
1.866446256637573242e+00
1.887228488922119141e+00
1.992716431617736816e+00
2.009773015975952148e+00
1.993766546249389648e+00
2.039017677307128906e+00
2.065935850143432617e+00
2.043617248535156250e+00
2.010593652725219727e+00
1.995071649551391602e+00
2.033143997192382812e+00
2.056445837020874023e+00
2.025357007980346680e+00
1.989855885505676270e+00
1.957686066627502441e+00
1.929466843605041504e+00
1.913748741149902344e+00
2.088679552078247070e+00
2.149715423583984375e+00
2.089459180831909180e+00
2.021578788757324219e+00
1.985503792762756348e+00
1.951016664505004883e+00
1.914657473564147949e+00
1.921589851379394531e+00
1.924824357032775879e+00
1.945973753929138184e+00
1.953483581542968750e+00
1.927024126052856445e+00
1.925020933151245117e+00
1.931187510490417480e+00
1.937248229980468750e+00
1.944111704826354980e+00
1.955207705497741699e+00
1.960583209991455078e+00
1.961564779281616211e+00
1.962502956390380859e+00
1.956238389015197754e+00
1.998138189315795898e+00
2.016242980957031250e+00
2.034363746643066406e+00
2.036150932312011719e+00
2.080111265182495117e+00
2.090707778930664062e+00
2.088588714599609375e+00
2.085555315017700195e+00
2.084341764450073242e+00
2.080580234527587891e+00
2.075027704238891602e+00
2.057622671127319336e+00
2.110326051712036133e+00
2.132841587066650391e+00
2.138292074203491211e+00
2.135339260101318359e+00
2.147892713546752930e+00
2.305694818496704102e+00
2.356284856796264648e+00
2.308768749237060547e+00
2.252109527587890625e+00
2.208950757980346680e+00
2.234454154968261719e+00
2.307577610015869141e+00
2.306482076644897461e+00
2.271417379379272461e+00
2.278910398483276367e+00
2.299937725067138672e+00
2.336901664733886719e+00
2.572646141052246094e+00
2.644847869873046875e+00
2.524738550186157227e+00
2.558603286743164062e+00
2.511157274246215820e+00
2.349024057388305664e+00
2.224951505661010742e+00
2.140369415283203125e+00
2.104066610336303711e+00
2.114948987960815430e+00
2.102671384811401367e+00
2.091293573379516602e+00
2.081500291824340820e+00
2.093676805496215820e+00
2.109626770019531250e+00
2.128051757812500000e+00
2.143087625503540039e+00
2.154400587081909180e+00
2.347379922866821289e+00
2.425683498382568359e+00
2.357421159744262695e+00
2.262048959732055664e+00
2.204315185546875000e+00
2.167404174804687500e+00
2.151611566543579102e+00
2.144389629364013672e+00
2.140296936035156250e+00
2.129859447479248047e+00
2.146650314331054688e+00
2.122476577758789062e+00
2.112073183059692383e+00
2.121263265609741211e+00
2.129870414733886719e+00
2.156596660614013672e+00
2.196042537689208984e+00
2.197434186935424805e+00
2.167462587356567383e+00
2.153898954391479492e+00
2.163112163543701172e+00
2.175314188003540039e+00
2.187176227569580078e+00
2.221737146377563477e+00
2.227338552474975586e+00
2.178347110748291016e+00
2.414875984191894531e+00
2.639008045196533203e+00
2.584406614303588867e+00
2.489425182342529297e+00
2.459987163543701172e+00
2.400198936462402344e+00
2.391184329986572266e+00
2.370900154113769531e+00
2.313572883605957031e+00
2.262665987014770508e+00
2.278823137283325195e+00
2.320622682571411133e+00
2.287775993347167969e+00
2.200663805007934570e+00
2.141103267669677734e+00
2.208077430725097656e+00
2.214045286178588867e+00
2.167422056198120117e+00
2.121481180191040039e+00
2.086571931838989258e+00
2.061969280242919922e+00
2.078922510147094727e+00
2.199589252471923828e+00
2.231297492980957031e+00
2.204690694808959961e+00
2.164480447769165039e+00
2.128773927688598633e+00
2.115411281585693359e+00
2.132551193237304688e+00
2.115237951278686523e+00
2.084965944290161133e+00
2.070297479629516602e+00
2.055911064147949219e+00
2.047901153564453125e+00
2.057601451873779297e+00
2.057774782180786133e+00
2.061154603958129883e+00
2.065543889999389648e+00
2.055320262908935547e+00
2.068156003952026367e+00
2.064287424087524414e+00
2.056860446929931641e+00
2.060579538345336914e+00
2.065204381942749023e+00
2.068178653717041016e+00
2.050935268402099609e+00
2.051323413848876953e+00
2.060557126998901367e+00
2.066462278366088867e+00
2.051931381225585938e+00
2.040878295898437500e+00
2.049055576324462891e+00
2.039496421813964844e+00
2.026459693908691406e+00
2.020867347717285156e+00
2.032799720764160156e+00
2.037132263183593750e+00
2.028443098068237305e+00
2.017117023468017578e+00
2.027817726135253906e+00
2.033748626708984375e+00
2.044174909591674805e+00
2.040079593658447266e+00
2.021031379699707031e+00
2.004808664321899414e+00
1.979680776596069336e+00
1.944209575653076172e+00
1.857445836067199707e+00
1.786322712898254395e+00
1.787490963935852051e+00
1.836357235908508301e+00
1.855249524116516113e+00
1.894583463668823242e+00
1.937361955642700195e+00
1.969407558441162109e+00
1.982710480690002441e+00
1.995764136314392090e+00
1.995122790336608887e+00
1.985251545906066895e+00
1.956558585166931152e+00
1.926334381103515625e+00
1.859595656394958496e+00
1.846834182739257812e+00
1.853675603866577148e+00
1.850005984306335449e+00
2.048930644989013672e+00
2.110679626464843750e+00
2.067014932632446289e+00
2.008071422576904297e+00
1.961902499198913574e+00
1.919591546058654785e+00
1.870785117149353027e+00
1.800992727279663086e+00
1.757552385330200195e+00
1.740566253662109375e+00
1.699409723281860352e+00
1.699595808982849121e+00
1.748448729515075684e+00
1.801754117012023926e+00
1.947562575340270996e+00
2.272753715515136719e+00
2.347141027450561523e+00
2.238114833831787109e+00
2.104853868484497070e+00
1.981725215911865234e+00
1.855513453483581543e+00
1.761013388633728027e+00
1.703841090202331543e+00
1.736211419105529785e+00
1.774445295333862305e+00
1.785902857780456543e+00
1.791393280029296875e+00
1.773161411285400391e+00
1.755532741546630859e+00
1.770972371101379395e+00
1.757186889648437500e+00
1.712924599647521973e+00
1.663958191871643066e+00
1.602675318717956543e+00
1.560601592063903809e+00
1.554911017417907715e+00
1.593511581420898438e+00
1.605137109756469727e+00
1.591445922851562500e+00
1.613355040550231934e+00
1.590024113655090332e+00
1.563024640083312988e+00
1.513272166252136230e+00
1.547149777412414551e+00
1.556242942810058594e+00
1.560232877731323242e+00
1.618688821792602539e+00
1.644787907600402832e+00
1.653047561645507812e+00
1.667439341545104980e+00
1.654498934745788574e+00
1.660297870635986328e+00
1.636643886566162109e+00
1.588921189308166504e+00
1.511823534965515137e+00
1.439291954040527344e+00
1.427641749382019043e+00
1.482761502265930176e+00
1.560739278793334961e+00
1.598690032958984375e+00
1.587124347686767578e+00
1.547984719276428223e+00
1.495270371437072754e+00
1.442950844764709473e+00
1.409748554229736328e+00
1.402867555618286133e+00
1.433553218841552734e+00
1.442334532737731934e+00
1.418663024902343750e+00
1.361768722534179688e+00
1.393789052963256836e+00
1.471305251121520996e+00
1.583100080490112305e+00
1.692541837692260742e+00
1.737851023674011230e+00
1.724854469299316406e+00
1.762441635131835938e+00
1.755214691162109375e+00
1.745580434799194336e+00
1.739374518394470215e+00
1.704565048217773438e+00
1.684185743331909180e+00
1.754779100418090820e+00
1.735034584999084473e+00
1.683527946472167969e+00
1.627991795539855957e+00
1.571969747543334961e+00
1.581791996955871582e+00
1.601159930229187012e+00
1.597993612289428711e+00
1.590008854866027832e+00
1.597048997879028320e+00
1.589197158813476562e+00
1.567472338676452637e+00
1.535862445831298828e+00
1.502374649047851562e+00
1.463639497756958008e+00
1.447130441665649414e+00
1.487359285354614258e+00
1.569514036178588867e+00
1.624603986740112305e+00
1.641277790069580078e+00
1.620873928070068359e+00
1.561734676361083984e+00
1.501319289207458496e+00
1.440239906311035156e+00
1.399098396301269531e+00
1.358026981353759766e+00
1.334850907325744629e+00
1.827315568923950195e+00
2.033605337142944336e+00
1.982166886329650879e+00
1.889841198921203613e+00
1.800718903541564941e+00
1.756498098373413086e+00
2.219920396804809570e+00
2.525996208190917969e+00
2.463558435440063477e+00
2.291308164596557617e+00
2.097949981689453125e+00
2.059993267059326172e+00
1.979483246803283691e+00
1.861776471138000488e+00
1.760985374450683594e+00
1.695602655410766602e+00
1.704416990280151367e+00
1.721482276916503906e+00
1.720999002456665039e+00
1.678539037704467773e+00
