9.301999999999999602e+01
9.576999999999999602e+01
9.448999999999999488e+01
9.370999999999999375e+01
9.051999999999999602e+01
8.959000000000000341e+01
8.756000000000000227e+01
7.281999999999999318e+01
8.709000000000000341e+01
8.606999999999999318e+01
8.351999999999999602e+01
8.665000000000000568e+01
1.159399999999999977e+02
1.239300000000000068e+02
9.301999999999999602e+01
1.252300000000000040e+02
1.203599999999999994e+02
1.105300000000000011e+02
1.047500000000000000e+02
1.120300000000000011e+02
9.998999999999999488e+01
8.656999999999999318e+01
9.412999999999999545e+01
8.656999999999999318e+01
9.429000000000000625e+01
9.465999999999999659e+01
1.002900000000000063e+02
9.801999999999999602e+01
8.498999999999999488e+01
8.437999999999999545e+01
8.042000000000000171e+01
8.621999999999999886e+01
8.846999999999999886e+01
1.186099999999999994e+02
1.220300000000000011e+02
8.976999999999999602e+01
9.395000000000000284e+01
8.915000000000000568e+01
8.734999999999999432e+01
8.445000000000000284e+01
8.025000000000000000e+01
7.715000000000000568e+01
6.564000000000000057e+01
7.121999999999999886e+01
7.037000000000000455e+01
7.217000000000000171e+01
6.735999999999999943e+01
6.014000000000000057e+01
7.165000000000000568e+01
6.285999999999999943e+01
6.425000000000000000e+01
8.101999999999999602e+01
7.701000000000000512e+01
7.551999999999999602e+01
7.159000000000000341e+01
6.839000000000000057e+01
6.014000000000000057e+01
6.332000000000000028e+01
6.320000000000000284e+01
6.163000000000000256e+01
6.065999999999999659e+01
5.832999999999999829e+01
5.552000000000000313e+01
5.102000000000000313e+01
5.064999999999999858e+01
4.872999999999999687e+01
4.784000000000000341e+01
4.774000000000000199e+01
4.699000000000000199e+01
4.650000000000000000e+01
4.257999999999999829e+01
4.275000000000000000e+01
4.172999999999999687e+01
4.063000000000000256e+01
4.025999999999999801e+01
3.696000000000000085e+01
4.600000000000000000e+01
4.257999999999999829e+01
4.964999999999999858e+01
5.300000000000000000e+01
5.632000000000000028e+01
5.753999999999999915e+01
5.102000000000000313e+01
6.065999999999999659e+01
5.228000000000000114e+01
5.986999999999999744e+01
5.761999999999999744e+01
4.146000000000000085e+01
4.078000000000000114e+01
3.825000000000000000e+01
3.734000000000000341e+01
3.917000000000000171e+01
3.696000000000000085e+01
2.505999999999999872e+01
2.321999999999999886e+01
2.175000000000000000e+01
2.121999999999999886e+01
2.121000000000000085e+01
3.069000000000000128e+01
2.176999999999999957e+01
2.387999999999999901e+01
2.603999999999999915e+01
2.712000000000000099e+01
2.953999999999999915e+01
3.452000000000000313e+01
4.610999999999999943e+01
3.478999999999999915e+01
3.364000000000000057e+01
3.247999999999999687e+01
4.257999999999999829e+01
2.878000000000000114e+01
2.732999999999999829e+01
3.696000000000000085e+01
2.432999999999999829e+01
2.478999999999999915e+01
2.391000000000000014e+01
2.546999999999999886e+01
2.789999999999999858e+01
4.715999999999999659e+01
7.100000000000000000e+01
1.124800000000000040e+02
1.482700000000000102e+02
1.234500000000000028e+02
1.125600000000000023e+02
7.093999999999999773e+01
7.920000000000000284e+01
8.353000000000000114e+01
1.559699999999999989e+02
1.838199999999999932e+02
4.545799999999999841e+02
3.392099999999999795e+02
3.778399999999999750e+02
3.962300000000000182e+02
4.465199999999999818e+02
4.627300000000000182e+02
7.876200000000000045e+02
6.542899999999999636e+02
5.004599999999999795e+02
4.505400000000000205e+02
3.851299999999999955e+02
3.392099999999999795e+02
1.611700000000000045e+03
1.611700000000000045e+03
1.396099999999999909e+03
1.025900000000000091e+03
7.325099999999999909e+02
7.487899999999999636e+02
6.195900000000000318e+02
5.469299999999999500e+02
5.016299999999999955e+02
4.247200000000000273e+02
3.830299999999999727e+02
3.367799999999999727e+02
3.110899999999999750e+02
4.545799999999999841e+02
6.395199999999999818e+02
1.102900000000000091e+03
6.320599999999999454e+02
1.005399999999999977e+03
7.649600000000000364e+02
6.464700000000000273e+02
7.652899999999999636e+02
1.034500000000000000e+03
1.528500000000000000e+03
3.101199999999999818e+03
2.773699999999999818e+03
8.166000000000000000e+03
6.417199999999999818e+03
4.069199999999999818e+03
3.331900000000000091e+03
4.898199999999999818e+03
1.712700000000000000e+04
2.945300000000000000e+04
3.891500000000000000e+04
2.999800000000000000e+04
8.844299999999999272e+03
3.659800000000000182e+03
3.152400000000000091e+03
2.223300000000000182e+03
1.878299999999999955e+03
1.454500000000000000e+03
1.354500000000000000e+03
1.141799999999999955e+03
3.192900000000000091e+03
3.099000000000000000e+03
1.777000000000000000e+03
1.374000000000000000e+03
1.319200000000000045e+03
1.215700000000000045e+03
8.276299999999999955e+02
7.703799999999999955e+02
6.148099999999999454e+02
6.343200000000000500e+02
9.408500000000000227e+02
2.696300000000000182e+03
3.334099999999999909e+03
5.365500000000000000e+03
4.800199999999999818e+03
2.725699999999999818e+03
3.278800000000000182e+03
4.179800000000000182e+03
3.002699999999999818e+03
2.070099999999999909e+03
2.821500000000000000e+03
3.752300000000000182e+03
3.756599999999999909e+03
4.391699999999999818e+03
3.665900000000000091e+03
3.722900000000000091e+03
4.321600000000000364e+03
5.636100000000000364e+03
1.030200000000000000e+04
1.461000000000000000e+04
1.048700000000000000e+04
8.543600000000000364e+03
5.490800000000000182e+03
3.527599999999999909e+03
3.082400000000000091e+03
1.622099999999999909e+03
1.333700000000000045e+03
1.167799999999999955e+03
1.053900000000000091e+03
9.658700000000000045e+02
8.848400000000000318e+02
1.079500000000000000e+03
1.122200000000000045e+03
9.355299999999999727e+02
8.577899999999999636e+02
7.723200000000000500e+02
6.884199999999999591e+02
6.047599999999999909e+02
6.392799999999999727e+02
5.422999999999999545e+02
7.072200000000000273e+02
4.572200000000000273e+02
4.919200000000000159e+02
4.375799999999999841e+02
3.998399999999999750e+02
4.037300000000000182e+02
6.372699999999999818e+02
4.966100000000000136e+02
5.956599999999999682e+02
6.722599999999999909e+02
5.955099999999999909e+02
4.303500000000000227e+02
4.151499999999999773e+02
3.670600000000000023e+02
3.165799999999999841e+02
2.944900000000000091e+02
3.279200000000000159e+02
2.752500000000000000e+02
2.722599999999999909e+02
2.663399999999999750e+02
2.908399999999999750e+02
2.380000000000000000e+02
2.673999999999999773e+02
2.847300000000000182e+02
2.617200000000000273e+02
2.283799999999999955e+02
2.113600000000000136e+02
2.228700000000000045e+02
2.194199999999999875e+02
2.057199999999999989e+02
1.832700000000000102e+02
1.818700000000000045e+02
1.771500000000000057e+02
1.914699999999999989e+02
1.982599999999999909e+02
2.276999999999999886e+02
2.271100000000000136e+02
1.843199999999999932e+02
2.142500000000000000e+02
1.995999999999999943e+02
1.682500000000000000e+02
1.884099999999999966e+02
1.546399999999999864e+02
1.495900000000000034e+02
1.436100000000000136e+02
1.338300000000000125e+02
1.262999999999999972e+02
1.367199999999999989e+02
1.313199999999999932e+02
1.262999999999999972e+02
1.244899999999999949e+02
1.237500000000000000e+02
1.161899999999999977e+02
1.090300000000000011e+02
1.056200000000000045e+02
1.061200000000000045e+02
1.041899999999999977e+02
1.025100000000000051e+02
1.001200000000000045e+02
9.623999999999999488e+01
9.242000000000000171e+01
8.953000000000000114e+01
7.914000000000000057e+01
7.914000000000000057e+01
8.501000000000000512e+01
8.353000000000000114e+01
7.214000000000000057e+01
7.143000000000000682e+01
7.920000000000000284e+01
6.951000000000000512e+01
6.790999999999999659e+01
6.640999999999999659e+01
6.542000000000000171e+01
6.445999999999999375e+01
6.203000000000000114e+01
6.138000000000000256e+01
5.957999999999999829e+01
5.922999999999999687e+01
5.865999999999999659e+01
5.789000000000000057e+01
5.721999999999999886e+01
5.946000000000000085e+01
5.935000000000000142e+01
5.810000000000000142e+01
5.407000000000000028e+01
5.335000000000000142e+01
5.228000000000000114e+01
5.104999999999999716e+01
5.036999999999999744e+01
5.356000000000000227e+01
4.900999999999999801e+01
4.778000000000000114e+01
4.667999999999999972e+01
4.586999999999999744e+01
4.509000000000000341e+01
4.421999999999999886e+01
4.321999999999999886e+01
4.164999999999999858e+01
4.253000000000000114e+01
4.131000000000000227e+01
4.321999999999999886e+01
4.470000000000000284e+01
4.385000000000000142e+01
4.649000000000000199e+01
4.311999999999999744e+01
4.324000000000000199e+01
4.200000000000000000e+01
4.722999999999999687e+01
5.592000000000000171e+01
5.365999999999999659e+01
4.649000000000000199e+01
5.146999999999999886e+01
5.054999999999999716e+01
4.535000000000000142e+01
4.561999999999999744e+01
4.521999999999999886e+01
4.807000000000000028e+01
4.992999999999999972e+01
5.497999999999999687e+01
5.875999999999999801e+01
5.775000000000000000e+01
6.142000000000000171e+01
5.993999999999999773e+01
5.721000000000000085e+01
4.817999999999999972e+01
5.025999999999999801e+01
4.947999999999999687e+01
5.028000000000000114e+01
4.881000000000000227e+01
4.482999999999999829e+01
4.760000000000000142e+01
4.164999999999999858e+01
4.156000000000000227e+01
4.097999999999999687e+01
4.171000000000000085e+01
4.017999999999999972e+01
3.849000000000000199e+01
3.847999999999999687e+01
3.310999999999999943e+01
3.603000000000000114e+01
3.575000000000000000e+01
3.375999999999999801e+01
3.285000000000000142e+01
3.214000000000000057e+01
3.169999999999999929e+01
2.817999999999999972e+01
3.091000000000000014e+01
2.992999999999999972e+01
2.942000000000000171e+01
2.916000000000000014e+01
2.910999999999999943e+01
2.878000000000000114e+01
2.817999999999999972e+01
2.817000000000000171e+01
2.803999999999999915e+01
2.817999999999999972e+01
2.730000000000000071e+01
2.725000000000000000e+01
2.657999999999999829e+01
2.592999999999999972e+01
2.403000000000000114e+01
2.371000000000000085e+01
2.282999999999999829e+01
2.260000000000000142e+01
2.205999999999999872e+01
2.192000000000000171e+01
2.182999999999999829e+01
1.966000000000000014e+01
2.087999999999999901e+01
1.839999999999999858e+01
1.830000000000000071e+01
1.817000000000000171e+01
1.864999999999999858e+01
2.280999999999999872e+01
2.032000000000000028e+01
2.246999999999999886e+01
2.391000000000000014e+01
2.478999999999999915e+01
2.216000000000000014e+01
2.107999999999999829e+01
2.182999999999999829e+01
1.480000000000000071e+01
1.457000000000000028e+01
1.439000000000000057e+01
1.388000000000000078e+01
1.673000000000000043e+01
1.633999999999999986e+01
1.907999999999999829e+01
1.907999999999999829e+01
1.917999999999999972e+01
1.844000000000000128e+01
1.798999999999999844e+01
1.741000000000000014e+01
1.678999999999999915e+01
1.700000000000000000e+01
1.701000000000000156e+01
1.599000000000000021e+01
1.560999999999999943e+01
1.508000000000000007e+01
1.435999999999999943e+01
1.458000000000000007e+01
1.435999999999999943e+01
1.426999999999999957e+01
1.480000000000000071e+01
1.425999999999999979e+01
1.371000000000000085e+01
1.300000000000000000e+01
1.300000000000000000e+01
1.300000000000000000e+01
9.050000000000000711e+00
6.584999999999999432e+01
5.554999999999999716e+01
7.623999999999999488e+01
5.667999999999999972e+01
4.564999999999999858e+01
2.703999999999999915e+01
2.633999999999999986e+01
2.100000000000000000e+01
1.998000000000000043e+01
1.828999999999999915e+01
1.735000000000000142e+01
1.621000000000000085e+01
1.508000000000000007e+01
1.460999999999999943e+01
1.433000000000000007e+01
1.403999999999999915e+01
1.294999999999999929e+01
1.250999999999999979e+01
1.233000000000000007e+01
1.235999999999999943e+01
1.174000000000000021e+01
1.135999999999999943e+01
1.119999999999999929e+01
1.058000000000000007e+01
1.021000000000000085e+01
9.949999999999999289e+00
8.970000000000000639e+00
1.057000000000000028e+01
1.142999999999999972e+01
1.052999999999999936e+01
1.025999999999999979e+01
1.024000000000000021e+01
9.890000000000000568e+00
8.009999999999999787e+00
9.560000000000000497e+00
8.060000000000000497e+00
7.919999999999999929e+00
7.589999999999999858e+00
7.450000000000000178e+00
6.070000000000000284e+00
5.950000000000000178e+00
5.900000000000000355e+00
5.870000000000000107e+00
5.730000000000000426e+00
5.589999999999999858e+00
7.950000000000000178e+00
7.950000000000000178e+00
7.950000000000000178e+00
2.962999999999999901e+01
2.460000000000000142e+01
2.460000000000000142e+01
2.694000000000000128e+01
3.019999999999999929e+01
2.437999999999999901e+01
2.342999999999999972e+01
7.654999999999999716e+01
1.072199999999999989e+02
1.938600000000000136e+02
7.570300000000000182e+03
1.186200000000000000e+04
1.286200000000000000e+04
1.048300000000000000e+04
3.776599999999999909e+03
2.355199999999999818e+03
1.716799999999999955e+03
1.287700000000000045e+03
1.001100000000000023e+03
9.974700000000000273e+02
8.180599999999999454e+02
7.476299999999999955e+02
5.395199999999999818e+02
4.053399999999999750e+02
3.113799999999999955e+02
2.771000000000000227e+02
2.459000000000000057e+02
1.981699999999999875e+02
1.981699999999999875e+02
3.806899999999999977e+02
2.720299999999999727e+02
2.445399999999999920e+02
3.502699999999999818e+02
5.922799999999999727e+02
3.673700000000000045e+02
6.085700000000000500e+02
1.342900000000000091e+03
2.652199999999999818e+03
1.971599999999999909e+03
1.912799999999999955e+03
1.509500000000000000e+03
1.410900000000000091e+03
8.462300000000000182e+02
1.568500000000000000e+03
1.433200000000000045e+03
1.720000000000000000e+03
1.521299999999999955e+03
1.278700000000000045e+03
2.521800000000000182e+03
2.070400000000000091e+03
2.071500000000000000e+03
1.736000000000000000e+03
2.300300000000000182e+03
2.346099999999999909e+03
2.094699999999999818e+03
1.954700000000000045e+03
1.787599999999999909e+03
1.257200000000000045e+03
9.629700000000000273e+02
8.614600000000000364e+02
8.662100000000000364e+02
1.521099999999999909e+03
2.273099999999999909e+03
3.013400000000000091e+03
3.839099999999999909e+03
4.009300000000000182e+03
3.958900000000000091e+03
4.505600000000000364e+03
3.351199999999999818e+03
5.016500000000000000e+03
3.938000000000000000e+03
5.129000000000000000e+03
6.597100000000000364e+03
1.549700000000000000e+04
1.349400000000000000e+04
5.553100000000000364e+03
4.310399999999999636e+03
3.665099999999999909e+03
1.238300000000000000e+04
8.578200000000000728e+03
4.988100000000000364e+03
5.239100000000000364e+03
7.848300000000000182e+03
5.481899999999999636e+03
4.865699999999999818e+03
2.814800000000000182e+03
2.448500000000000000e+03
1.811099999999999909e+03
1.187799999999999955e+03
9.917699999999999818e+02
1.200599999999999909e+03
7.471799999999999500e+02
9.582500000000000000e+02
1.093599999999999909e+03
8.251799999999999500e+02
7.451000000000000227e+02
7.112100000000000364e+02
7.582699999999999818e+02
6.943799999999999955e+02
6.465900000000000318e+02
6.323899999999999864e+02
6.991499999999999773e+02
7.377899999999999636e+02
7.307899999999999636e+02
6.377400000000000091e+02
6.233400000000000318e+02
6.295000000000000000e+02
5.983899999999999864e+02
5.597000000000000455e+02
5.263899999999999864e+02
5.876000000000000227e+02
4.929200000000000159e+02
5.405399999999999636e+02
5.185900000000000318e+02
4.881299999999999955e+02
4.113500000000000227e+02
3.993399999999999750e+02
3.848100000000000023e+02
3.437900000000000205e+02
3.465199999999999818e+02
3.584200000000000159e+02
4.256100000000000136e+02
4.553999999999999773e+02
5.173899999999999864e+02
1.761599999999999909e+03
2.521800000000000182e+03
2.677000000000000000e+03
2.022799999999999955e+03
1.523700000000000045e+03
1.460700000000000045e+03
1.412000000000000000e+03
1.582500000000000000e+03
1.257700000000000045e+03
1.109500000000000000e+03
1.450200000000000045e+03
9.753999999999999773e+02
9.127000000000000455e+02
7.362000000000000455e+02
5.600900000000000318e+02
5.644199999999999591e+02
4.452099999999999795e+02
3.977099999999999795e+02
3.447900000000000205e+02
3.594100000000000250e+02
3.764700000000000273e+02
3.082599999999999909e+02
3.295400000000000205e+02
3.185299999999999727e+02
2.968799999999999955e+02
2.745000000000000000e+02
2.565199999999999818e+02
2.344099999999999966e+02
2.139699999999999989e+02
2.197100000000000080e+02
2.135900000000000034e+02
1.919300000000000068e+02
1.826299999999999955e+02
1.926899999999999977e+02
2.026299999999999955e+02
1.948799999999999955e+02
1.778300000000000125e+02
1.735399999999999920e+02
1.606500000000000057e+02
1.545699999999999932e+02
1.460000000000000000e+02
1.359699999999999989e+02
4.398199999999999932e+02
2.296699999999999875e+02
2.036899999999999977e+02
1.795600000000000023e+02
1.498700000000000045e+02
1.378100000000000023e+02
1.297400000000000091e+02
1.249399999999999977e+02
1.202699999999999960e+02
1.107000000000000028e+02
1.074599999999999937e+02
1.067399999999999949e+02
1.076299999999999955e+02
1.115600000000000023e+02
1.027399999999999949e+02
1.057199999999999989e+02
9.900000000000000000e+01
9.554000000000000625e+01
9.145999999999999375e+01
9.029000000000000625e+01
9.173000000000000398e+01
9.839000000000000057e+01
9.373999999999999488e+01
9.945999999999999375e+01
9.512000000000000455e+01
8.193000000000000682e+01
9.189000000000000057e+01
8.565999999999999659e+01
8.745000000000000284e+01
8.431000000000000227e+01
8.248000000000000398e+01
8.565999999999999659e+01
8.415999999999999659e+01
8.393000000000000682e+01
8.306000000000000227e+01
8.123999999999999488e+01
7.193999999999999773e+01
7.581000000000000227e+01
6.693999999999999773e+01
7.018000000000000682e+01
6.831000000000000227e+01
6.751999999999999602e+01
6.960999999999999943e+01
6.693999999999999773e+01
7.081999999999999318e+01
1.864099999999999966e+02
1.704000000000000057e+02
1.660000000000000000e+02
1.558000000000000114e+02
1.560999999999999943e+02
1.475000000000000000e+02
1.466999999999999886e+02
1.582500000000000000e+02
1.479000000000000057e+02
1.459000000000000057e+02
1.450999999999999943e+02
1.385999999999999943e+02
1.393000000000000114e+02
1.376999999999999886e+02
1.650999999999999943e+02
1.645000000000000000e+02
1.634000000000000057e+02
1.736999999999999886e+02
1.801999999999999886e+02
1.806999999999999886e+02
1.870000000000000000e+02
1.791800000000000068e+02
1.800000000000000000e+02
1.759000000000000057e+02
1.726999999999999886e+02
1.725000000000000000e+02
1.724000000000000057e+02
1.773000000000000114e+02
1.720699999999999932e+02
1.774000000000000057e+02
1.746999999999999886e+02
1.690999999999999943e+02
1.679000000000000057e+02
1.675000000000000000e+02
1.765000000000000000e+02
1.720699999999999932e+02
1.730999999999999943e+02
1.580000000000000000e+02
1.526999999999999886e+02
1.496999999999999886e+02
1.480000000000000000e+02
1.354000000000000057e+02
1.229399999999999977e+02
1.300000000000000000e+02
1.199000000000000057e+02
1.160000000000000000e+02
1.099000000000000057e+02
1.053700000000000045e+02
1.049000000000000057e+02
1.025600000000000023e+02
1.069000000000000057e+02
1.050999999999999943e+02
1.039000000000000057e+02
1.042000000000000028e+02
1.032000000000000028e+02
1.012000000000000028e+02
9.434000000000000341e+01
9.606999999999999318e+01
9.495000000000000284e+01
9.476000000000000512e+01
9.379999999999999716e+01
9.290000000000000568e+01
9.156000000000000227e+01
8.642000000000000171e+01
8.885999999999999943e+01
8.317000000000000171e+01
7.881999999999999318e+01
7.956000000000000227e+01
7.290999999999999659e+01
7.323999999999999488e+01
7.393000000000000682e+01
7.159000000000000341e+01
7.017000000000000171e+01
6.831999999999999318e+01
6.604000000000000625e+01
6.456000000000000227e+01
6.310999999999999943e+01
6.231000000000000227e+01
6.221000000000000085e+01
6.238000000000000256e+01
7.131999999999999318e+01
6.868999999999999773e+01
6.684999999999999432e+01
6.687000000000000455e+01
6.684999999999999432e+01
6.546999999999999886e+01
6.579999999999999716e+01
6.300000000000000000e+01
6.114999999999999858e+01
5.995000000000000284e+01
5.746999999999999886e+01
4.854999999999999716e+01
4.728999999999999915e+01
4.560000000000000142e+01
3.735999999999999943e+01
3.589000000000000057e+01
3.477000000000000313e+01
2.983999999999999986e+01
3.126000000000000156e+01
2.766000000000000014e+01
2.932999999999999829e+01
3.167000000000000171e+01
3.464999999999999858e+01
4.521999999999999886e+01
4.522999999999999687e+01
4.756000000000000227e+01
5.047999999999999687e+01
5.061999999999999744e+01
5.279999999999999716e+01
4.954999999999999716e+01
4.910000000000000142e+01
4.511999999999999744e+01
4.178000000000000114e+01
3.938000000000000256e+01
3.935999999999999943e+01
3.409000000000000341e+01
3.409000000000000341e+01
3.300000000000000000e+01
3.317000000000000171e+01
3.460999999999999943e+01
5.321000000000000085e+01
8.095999999999999375e+01
1.057999999999999972e+02
1.259099999999999966e+02
9.306000000000000227e+01
9.709999999999999432e+01
1.008199999999999932e+02
1.157399999999999949e+02
1.478799999999999955e+02
1.838499999999999943e+02
6.275000000000000000e+02
5.920900000000000318e+02
6.118200000000000500e+02
8.829500000000000455e+02
9.452000000000000455e+02
9.368300000000000409e+02
1.097099999999999909e+03
1.004299999999999955e+03
7.396200000000000045e+02
6.183999999999999773e+02
7.207500000000000000e+02
6.701699999999999591e+02
2.413900000000000091e+03
2.357800000000000182e+03
2.126599999999999909e+03
1.950500000000000000e+03
1.563299999999999955e+03
1.271200000000000045e+03
1.000799999999999955e+03
9.311599999999999682e+02
8.012300000000000182e+02
7.070299999999999727e+02
7.290000000000000000e+02
7.305700000000000500e+02
1.271200000000000045e+03
1.362099999999999909e+03
1.219299999999999955e+03
1.471799999999999955e+03
1.186599999999999909e+03
1.518700000000000045e+03
1.830599999999999909e+03
1.507299999999999955e+03
2.143099999999999909e+03
1.942799999999999955e+03
6.317000000000000000e+03
1.355100000000000000e+04
8.054699999999999818e+03
1.242200000000000000e+04
7.074000000000000000e+03
5.253000000000000000e+03
5.949300000000000182e+03
1.706500000000000000e+04
3.243000000000000000e+04
4.094200000000000000e+04
3.834500000000000000e+04
1.864800000000000000e+04
8.690200000000000728e+03
4.829800000000000182e+03
4.107699999999999818e+03
3.555800000000000182e+03
3.381099999999999909e+03
3.086000000000000000e+03
2.387300000000000182e+03
2.301900000000000091e+03
3.487199999999999818e+03
3.147900000000000091e+03
2.060000000000000000e+03
1.826599999999999909e+03
2.061300000000000182e+03
1.897000000000000000e+03
1.766099999999999909e+03
1.690000000000000000e+03
1.689099999999999909e+03
1.793500000000000000e+03
5.473500000000000000e+03
7.735100000000000364e+03
1.000100000000000000e+04
9.427100000000000364e+03
6.571399999999999636e+03
5.324100000000000364e+03
5.494899999999999636e+03
4.960800000000000182e+03
5.405300000000000182e+03
5.651300000000000182e+03
8.058800000000000182e+03
7.748399999999999636e+03
7.668199999999999818e+03
8.145699999999999818e+03
1.113800000000000000e+04
1.134200000000000000e+04
2.047600000000000000e+04
3.163700000000000000e+04
3.336900000000000000e+04
3.328200000000000000e+04
2.682100000000000000e+04
1.996400000000000000e+04
1.404200000000000000e+04
1.079900000000000000e+04
6.563100000000000364e+03
5.051600000000000364e+03
4.280800000000000182e+03
4.798899999999999636e+03
4.923300000000000182e+03
4.737300000000000182e+03
4.446300000000000182e+03
4.099399999999999636e+03
3.922800000000000182e+03
2.594500000000000000e+03
2.503900000000000091e+03
2.164099999999999909e+03
1.775299999999999955e+03
1.947000000000000000e+03
1.535200000000000045e+03
2.774400000000000091e+03
2.746800000000000182e+03
2.174800000000000182e+03
1.988400000000000091e+03
2.013500000000000000e+03
2.160500000000000000e+03
2.018700000000000045e+03
2.006000000000000000e+03
1.978500000000000000e+03
2.265900000000000091e+03
2.005900000000000091e+03
1.864099999999999909e+03
1.594099999999999909e+03
1.353099999999999909e+03
1.256000000000000000e+03
1.085500000000000000e+03
9.946900000000000546e+02
9.792000000000000455e+02
9.191599999999999682e+02
9.103500000000000227e+02
7.955700000000000500e+02
7.768300000000000409e+02
8.775499999999999545e+02
9.165599999999999454e+02
9.142300000000000182e+02
8.656900000000000546e+02
7.690199999999999818e+02
7.194800000000000182e+02
7.143600000000000136e+02
6.647100000000000364e+02
6.289299999999999500e+02
6.111200000000000045e+02
5.942200000000000273e+02
5.564099999999999682e+02
5.712500000000000000e+02
5.636799999999999500e+02
5.498500000000000227e+02
5.012099999999999795e+02
4.741000000000000227e+02
4.421499999999999773e+02
4.552799999999999727e+02
4.147300000000000182e+02
4.099499999999999886e+02
4.030699999999999932e+02
3.904900000000000091e+02
3.843799999999999955e+02
3.834599999999999795e+02
3.961700000000000159e+02
3.763199999999999932e+02
3.714200000000000159e+02
3.653600000000000136e+02
3.515099999999999909e+02
3.318399999999999750e+02
3.165299999999999727e+02
3.121800000000000068e+02
2.728299999999999841e+02
2.660400000000000205e+02
2.556899999999999977e+02
2.516699999999999875e+02
2.467700000000000102e+02
2.439799999999999898e+02
2.707900000000000205e+02
2.418700000000000045e+02
2.364600000000000080e+02
2.324099999999999966e+02
2.296299999999999955e+02
2.276100000000000136e+02
2.213600000000000136e+02
2.261100000000000136e+02
2.149600000000000080e+02
2.152599999999999909e+02
2.112299999999999898e+02
2.068199999999999932e+02
2.020699999999999932e+02
1.977599999999999909e+02
1.542100000000000080e+02
1.548199999999999932e+02
1.513499999999999943e+02
1.665099999999999909e+02
1.626299999999999955e+02
1.587500000000000000e+02
1.560999999999999943e+02
1.388300000000000125e+02
1.240000000000000000e+02
1.351699999999999875e+02
1.340399999999999920e+02
1.451800000000000068e+02
1.400600000000000023e+02
1.371399999999999864e+02
1.149300000000000068e+02
1.121099999999999994e+02
1.114599999999999937e+02
1.088100000000000023e+02
1.014800000000000040e+02
1.011299999999999955e+02
9.643000000000000682e+01
9.589000000000000057e+01
9.392000000000000171e+01
9.242000000000000171e+01
1.011200000000000045e+02
8.815000000000000568e+01
8.620000000000000284e+01
9.592000000000000171e+01
8.443999999999999773e+01
8.598000000000000398e+01
8.620999999999999375e+01
8.668000000000000682e+01
9.609999999999999432e+01
9.148999999999999488e+01
9.004999999999999716e+01
9.392000000000000171e+01
1.089099999999999966e+02
9.604999999999999716e+01
9.484999999999999432e+01
1.022399999999999949e+02
8.815000000000000568e+01
8.628000000000000114e+01
8.815000000000000568e+01
9.346999999999999886e+01
9.004999999999999716e+01
9.196999999999999886e+01
9.196999999999999886e+01
9.196999999999999886e+01
9.100000000000000000e+01
8.815000000000000568e+01
8.628000000000000114e+01
8.443999999999999773e+01
8.082999999999999829e+01
8.082999999999999829e+01
7.906000000000000227e+01
8.323000000000000398e+01
7.560999999999999943e+01
7.831000000000000227e+01
7.760999999999999943e+01
6.912999999999999545e+01
6.720999999999999375e+01
6.700000000000000000e+01
6.860999999999999943e+01
7.226000000000000512e+01
7.184999999999999432e+01
7.001000000000000512e+01
6.950000000000000000e+01
6.945999999999999375e+01
6.801999999999999602e+01
6.987000000000000455e+01
7.062000000000000455e+01
7.032999999999999829e+01
7.056999999999999318e+01
7.045000000000000284e+01
6.868000000000000682e+01
6.871999999999999886e+01
6.879000000000000625e+01
6.820999999999999375e+01
6.437000000000000455e+01
6.418999999999999773e+01
6.426999999999999602e+01
6.426999999999999602e+01
6.332000000000000028e+01
6.264000000000000057e+01
6.431000000000000227e+01
6.379999999999999716e+01
6.270000000000000284e+01
6.156000000000000227e+01
5.950999999999999801e+01
5.684000000000000341e+01
5.627000000000000313e+01
5.838000000000000256e+01
5.482000000000000028e+01
5.696000000000000085e+01
5.340999999999999659e+01
5.238000000000000256e+01
5.121999999999999886e+01
5.084000000000000341e+01
5.556000000000000227e+01
5.200999999999999801e+01
5.077000000000000313e+01
5.060000000000000142e+01
6.003000000000000114e+01
6.950000000000000000e+01
6.989000000000000057e+01
6.584999999999999432e+01
6.695000000000000284e+01
6.673999999999999488e+01
6.693999999999999773e+01
6.303000000000000114e+01
5.817000000000000171e+01
5.917000000000000171e+01
5.417999999999999972e+01
6.681999999999999318e+01
5.578999999999999915e+01
6.392999999999999972e+01
6.328999999999999915e+01
5.979999999999999716e+01
5.578999999999999915e+01
5.421000000000000085e+01
5.174000000000000199e+01
5.070000000000000284e+01
5.010999999999999943e+01
5.063000000000000256e+01
5.063000000000000256e+01
5.107999999999999829e+01
4.889000000000000057e+01
4.807000000000000028e+01
4.839999999999999858e+01
4.795000000000000284e+01
5.025000000000000000e+01
4.803000000000000114e+01
4.634000000000000341e+01
4.467999999999999972e+01
4.245000000000000284e+01
4.932000000000000028e+01
5.400000000000000000e+01
8.623999999999999488e+01
1.049899999999999949e+02
1.100300000000000011e+02
1.250000000000000000e+02
1.182699999999999960e+02
9.443999999999999773e+01
7.362999999999999545e+01
6.831999999999999318e+01
6.720999999999999375e+01
7.309000000000000341e+01
7.640999999999999659e+01
6.478000000000000114e+01
5.767000000000000171e+01
5.392000000000000171e+01
5.234000000000000341e+01
4.615999999999999659e+01
4.400000000000000000e+01
4.386999999999999744e+01
4.225999999999999801e+01
4.113000000000000256e+01
3.764000000000000057e+01
3.615999999999999659e+01
3.400999999999999801e+01
3.306000000000000227e+01
2.928000000000000114e+01
2.726000000000000156e+01
2.498999999999999844e+01
2.333999999999999986e+01
2.142000000000000171e+01
2.203000000000000114e+01
2.150000000000000000e+01
2.207000000000000028e+01
2.080000000000000071e+01
2.016000000000000014e+01
1.910000000000000142e+01
1.889999999999999858e+01
1.701999999999999957e+01
1.597000000000000064e+01
1.598000000000000043e+01
1.452999999999999936e+01
1.365000000000000036e+01
1.327999999999999936e+01
1.290000000000000036e+01
1.269999999999999929e+01
1.269999999999999929e+01
1.461999999999999922e+01
1.794999999999999929e+01
2.098000000000000043e+01
2.344999999999999929e+01
2.717000000000000171e+01
1.017000000000000028e+02
1.782100000000000080e+02
1.250000000000000000e+02
8.342000000000000171e+01
9.006000000000000227e+01
1.415699999999999932e+02
5.282300000000000182e+03
2.580300000000000000e+04
2.365300000000000000e+04
1.783100000000000000e+04
9.213899999999999636e+03
5.509000000000000000e+03
3.109599999999999909e+03
2.410699999999999818e+03
2.068000000000000000e+03
1.650700000000000045e+03
1.500099999999999909e+03
1.201799999999999955e+03
9.831299999999999955e+02
8.365299999999999727e+02
7.484199999999999591e+02
8.283099999999999454e+02
7.878200000000000500e+02
7.798500000000000227e+02
9.039299999999999500e+02
7.958300000000000409e+02
8.868300000000000409e+02
9.921399999999999864e+02
2.039900000000000091e+03
9.800100000000000364e+03
8.421100000000000364e+03
6.463899999999999636e+03
6.904000000000000000e+03
6.741899999999999636e+03
7.451500000000000000e+03
6.488899999999999636e+03
4.749399999999999636e+03
3.664400000000000091e+03
3.135300000000000182e+03
2.676599999999999909e+03
2.675800000000000182e+03
3.257000000000000000e+03
6.370399999999999636e+03
6.055300000000000182e+03
3.943400000000000091e+03
7.224300000000000182e+03
5.705600000000000364e+03
9.154500000000000000e+03
8.196100000000000364e+03
7.071500000000000000e+03
5.595100000000000364e+03
4.493800000000000182e+03
4.103100000000000364e+03
3.555900000000000091e+03
3.322800000000000182e+03
2.447199999999999818e+03
2.462699999999999818e+03
2.428599999999999909e+03
3.431500000000000000e+03
6.527100000000000364e+03
1.010200000000000000e+04
9.219500000000000000e+03
1.012700000000000000e+04
9.534000000000000000e+03
9.149700000000000728e+03
9.541799999999999272e+03
1.069800000000000000e+04
1.175500000000000000e+04
1.678200000000000000e+04
1.743600000000000000e+04
2.145400000000000000e+04
1.260700000000000000e+04
9.239600000000000364e+03
9.697200000000000728e+03
3.462700000000000000e+04
3.628800000000000000e+04
1.598300000000000000e+04
1.390200000000000000e+04
1.651700000000000000e+04
1.267500000000000000e+04
9.720200000000000728e+03
8.303700000000000728e+03
6.221399999999999636e+03
4.928399999999999636e+03
3.973500000000000000e+03
3.305699999999999818e+03
3.189800000000000182e+03
2.398599999999999909e+03
2.104699999999999818e+03
2.629800000000000182e+03
2.951300000000000182e+03
2.607500000000000000e+03
2.045299999999999955e+03
2.260400000000000091e+03
1.633900000000000091e+03
1.674599999999999909e+03
1.638799999999999955e+03
1.580200000000000045e+03
1.722799999999999955e+03
1.710700000000000045e+03
1.846700000000000045e+03
1.387000000000000000e+03
1.404400000000000091e+03
1.611799999999999955e+03
1.477599999999999909e+03
1.466400000000000091e+03
1.410200000000000045e+03
1.411299999999999955e+03
1.125700000000000045e+03
9.973799999999999955e+02
8.526299999999999955e+02
8.403799999999999955e+02
8.557100000000000364e+02
1.341200000000000045e+03
1.389500000000000000e+03
1.304299999999999955e+03
1.221900000000000091e+03
1.422200000000000045e+03
1.615299999999999955e+03
1.650700000000000045e+03
3.552300000000000182e+03
4.000599999999999909e+03
4.504500000000000000e+03
4.337300000000000182e+03
3.872000000000000000e+03
3.552800000000000182e+03
3.458800000000000182e+03
3.722800000000000182e+03
4.412800000000000182e+03
3.526199999999999818e+03
3.255599999999999909e+03
2.628000000000000000e+03
1.674599999999999909e+03
1.242299999999999955e+03
1.176900000000000091e+03
1.094299999999999955e+03
1.010299999999999955e+03
9.386900000000000546e+02
9.082400000000000091e+02
8.573099999999999454e+02
8.119800000000000182e+02
7.307500000000000000e+02
7.253099999999999454e+02
6.305000000000000000e+02
6.129199999999999591e+02
5.822400000000000091e+02
5.318400000000000318e+02
4.876700000000000159e+02
4.465799999999999841e+02
4.840699999999999932e+02
4.257900000000000205e+02
4.208000000000000114e+02
4.128000000000000114e+02
4.040799999999999841e+02
4.034900000000000091e+02
4.034900000000000091e+02
3.855500000000000114e+02
3.665899999999999750e+02
3.955899999999999750e+02
3.536299999999999955e+02
3.368899999999999864e+02
3.318899999999999864e+02
3.327799999999999727e+02
6.085499999999999545e+02
5.748500000000000227e+02
4.440099999999999909e+02
4.217900000000000205e+02
4.020400000000000205e+02
3.818000000000000114e+02
3.537500000000000000e+02
3.085199999999999818e+02
3.263999999999999773e+02
3.124100000000000250e+02
2.978899999999999864e+02
2.364199999999999875e+02
2.240399999999999920e+02
2.776399999999999864e+02
2.536500000000000057e+02
2.574800000000000182e+02
2.498199999999999932e+02
2.391399999999999864e+02
2.322800000000000011e+02
2.248100000000000023e+02
2.135000000000000000e+02
2.007700000000000102e+02
2.022400000000000091e+02
1.975999999999999943e+02
1.923499999999999943e+02
1.885200000000000102e+02
1.841500000000000057e+02
1.798899999999999864e+02
1.618499999999999943e+02
1.590099999999999909e+02
1.651899999999999977e+02
1.596200000000000045e+02
1.551299999999999955e+02
1.499099999999999966e+02
1.442100000000000080e+02
1.424199999999999875e+02
1.297800000000000011e+02
1.318100000000000023e+02
1.123199999999999932e+02
1.122699999999999960e+02
1.119200000000000017e+02
1.098299999999999983e+02
1.240900000000000034e+02
1.089000000000000057e+02
