1.864099999999999966e+02
1.704000000000000057e+02
1.660000000000000000e+02
1.558000000000000114e+02
1.560999999999999943e+02
1.475000000000000000e+02
1.466999999999999886e+02
1.582500000000000000e+02
1.479000000000000057e+02
1.459000000000000057e+02
1.450999999999999943e+02
1.385999999999999943e+02
1.393000000000000114e+02
1.376999999999999886e+02
1.650999999999999943e+02
1.645000000000000000e+02
1.634000000000000057e+02
1.736999999999999886e+02
1.801999999999999886e+02
1.806999999999999886e+02
1.870000000000000000e+02
1.791800000000000068e+02
1.800000000000000000e+02
1.759000000000000057e+02
1.726999999999999886e+02
1.725000000000000000e+02
1.724000000000000057e+02
1.773000000000000114e+02
1.720699999999999932e+02
1.774000000000000057e+02
1.746999999999999886e+02
1.690999999999999943e+02
1.679000000000000057e+02
1.675000000000000000e+02
1.765000000000000000e+02
1.720699999999999932e+02
1.730999999999999943e+02
1.580000000000000000e+02
1.526999999999999886e+02
1.496999999999999886e+02
1.480000000000000000e+02
1.354000000000000057e+02
1.229399999999999977e+02
1.300000000000000000e+02
1.199000000000000057e+02
1.160000000000000000e+02
1.099000000000000057e+02
1.053700000000000045e+02
1.049000000000000057e+02
1.025600000000000023e+02
1.069000000000000057e+02
1.050999999999999943e+02
1.039000000000000057e+02
1.042000000000000028e+02
1.032000000000000028e+02
1.012000000000000028e+02
9.434000000000000341e+01
9.606999999999999318e+01
9.495000000000000284e+01
9.476000000000000512e+01
9.379999999999999716e+01
9.290000000000000568e+01
9.156000000000000227e+01
8.642000000000000171e+01
8.885999999999999943e+01
8.317000000000000171e+01
7.881999999999999318e+01
7.956000000000000227e+01
7.290999999999999659e+01
7.323999999999999488e+01
7.393000000000000682e+01
7.159000000000000341e+01
7.017000000000000171e+01
6.831999999999999318e+01
6.604000000000000625e+01
6.456000000000000227e+01
6.310999999999999943e+01
6.231000000000000227e+01
6.221000000000000085e+01
6.238000000000000256e+01
7.131999999999999318e+01
6.868999999999999773e+01
6.684999999999999432e+01
6.687000000000000455e+01
6.684999999999999432e+01
6.546999999999999886e+01
6.579999999999999716e+01
6.300000000000000000e+01
6.114999999999999858e+01
5.995000000000000284e+01
5.746999999999999886e+01
4.854999999999999716e+01
4.728999999999999915e+01
4.560000000000000142e+01
3.735999999999999943e+01
3.589000000000000057e+01
3.477000000000000313e+01
2.983999999999999986e+01
3.126000000000000156e+01
2.766000000000000014e+01
2.932999999999999829e+01
3.167000000000000171e+01
3.464999999999999858e+01
4.521999999999999886e+01
4.522999999999999687e+01
4.756000000000000227e+01
5.047999999999999687e+01
5.061999999999999744e+01
5.279999999999999716e+01
4.954999999999999716e+01
4.910000000000000142e+01
4.511999999999999744e+01
4.178000000000000114e+01
3.938000000000000256e+01
3.935999999999999943e+01
3.409000000000000341e+01
3.409000000000000341e+01
3.300000000000000000e+01
3.317000000000000171e+01
3.460999999999999943e+01
5.321000000000000085e+01
8.095999999999999375e+01
1.057999999999999972e+02
1.259099999999999966e+02
9.306000000000000227e+01
9.709999999999999432e+01
1.008199999999999932e+02
1.157399999999999949e+02
1.478799999999999955e+02
1.838499999999999943e+02
6.275000000000000000e+02
5.920900000000000318e+02
6.118200000000000500e+02
8.829500000000000455e+02
9.452000000000000455e+02
9.368300000000000409e+02
1.097099999999999909e+03
1.004299999999999955e+03
7.396200000000000045e+02
6.183999999999999773e+02
7.207500000000000000e+02
6.701699999999999591e+02
2.413900000000000091e+03
2.357800000000000182e+03
2.126599999999999909e+03
1.950500000000000000e+03
1.563299999999999955e+03
1.271200000000000045e+03
1.000799999999999955e+03
9.311599999999999682e+02
8.012300000000000182e+02
7.070299999999999727e+02
7.290000000000000000e+02
7.305700000000000500e+02
1.271200000000000045e+03
1.362099999999999909e+03
1.219299999999999955e+03
1.471799999999999955e+03
1.186599999999999909e+03
1.518700000000000045e+03
1.830599999999999909e+03
1.507299999999999955e+03
2.143099999999999909e+03
1.942799999999999955e+03
6.317000000000000000e+03
1.355100000000000000e+04
8.054699999999999818e+03
1.242200000000000000e+04
7.074000000000000000e+03
5.253000000000000000e+03
5.949300000000000182e+03
1.706500000000000000e+04
3.243000000000000000e+04
4.094200000000000000e+04
3.834500000000000000e+04
1.864800000000000000e+04
8.690200000000000728e+03
4.829800000000000182e+03
4.107699999999999818e+03
3.555800000000000182e+03
3.381099999999999909e+03
3.086000000000000000e+03
2.387300000000000182e+03
2.301900000000000091e+03
3.487199999999999818e+03
3.147900000000000091e+03
2.060000000000000000e+03
1.826599999999999909e+03
2.061300000000000182e+03
1.897000000000000000e+03
1.766099999999999909e+03
1.690000000000000000e+03
1.689099999999999909e+03
1.793500000000000000e+03
5.473500000000000000e+03
7.735100000000000364e+03
1.000100000000000000e+04
9.427100000000000364e+03
6.571399999999999636e+03
5.324100000000000364e+03
5.494899999999999636e+03
4.960800000000000182e+03
5.405300000000000182e+03
5.651300000000000182e+03
8.058800000000000182e+03
7.748399999999999636e+03
7.668199999999999818e+03
8.145699999999999818e+03
1.113800000000000000e+04
1.134200000000000000e+04
2.047600000000000000e+04
3.163700000000000000e+04
3.336900000000000000e+04
3.328200000000000000e+04
2.682100000000000000e+04
1.996400000000000000e+04
1.404200000000000000e+04
1.079900000000000000e+04
6.563100000000000364e+03
5.051600000000000364e+03
4.280800000000000182e+03
4.798899999999999636e+03
4.923300000000000182e+03
4.737300000000000182e+03
4.446300000000000182e+03
4.099399999999999636e+03
3.922800000000000182e+03
2.594500000000000000e+03
2.503900000000000091e+03
2.164099999999999909e+03
1.775299999999999955e+03
1.947000000000000000e+03
1.535200000000000045e+03
2.774400000000000091e+03
2.746800000000000182e+03
2.174800000000000182e+03
1.988400000000000091e+03
2.013500000000000000e+03
2.160500000000000000e+03
2.018700000000000045e+03
2.006000000000000000e+03
1.978500000000000000e+03
2.265900000000000091e+03
2.005900000000000091e+03
1.864099999999999909e+03
1.594099999999999909e+03
1.353099999999999909e+03
1.256000000000000000e+03
1.085500000000000000e+03
9.946900000000000546e+02
9.792000000000000455e+02
9.191599999999999682e+02
9.103500000000000227e+02
7.955700000000000500e+02
7.768300000000000409e+02
8.775499999999999545e+02
9.165599999999999454e+02
9.142300000000000182e+02
8.656900000000000546e+02
7.690199999999999818e+02
7.194800000000000182e+02
7.143600000000000136e+02
6.647100000000000364e+02
6.289299999999999500e+02
6.111200000000000045e+02
5.942200000000000273e+02
5.564099999999999682e+02
5.712500000000000000e+02
5.636799999999999500e+02
5.498500000000000227e+02
5.012099999999999795e+02
4.741000000000000227e+02
4.421499999999999773e+02
4.552799999999999727e+02
4.147300000000000182e+02
4.099499999999999886e+02
4.030699999999999932e+02
3.904900000000000091e+02
3.843799999999999955e+02
3.834599999999999795e+02
3.961700000000000159e+02
3.763199999999999932e+02
3.714200000000000159e+02
3.653600000000000136e+02
3.515099999999999909e+02
3.318399999999999750e+02
3.165299999999999727e+02
3.121800000000000068e+02
2.728299999999999841e+02
2.660400000000000205e+02
2.556899999999999977e+02
2.516699999999999875e+02
2.467700000000000102e+02
2.439799999999999898e+02
2.707900000000000205e+02
2.418700000000000045e+02
2.364600000000000080e+02
2.324099999999999966e+02
2.296299999999999955e+02
2.276100000000000136e+02
2.213600000000000136e+02
2.261100000000000136e+02
2.149600000000000080e+02
2.152599999999999909e+02
2.112299999999999898e+02
2.068199999999999932e+02
2.020699999999999932e+02
1.977599999999999909e+02
1.542100000000000080e+02
1.548199999999999932e+02
1.513499999999999943e+02
1.665099999999999909e+02
1.626299999999999955e+02
1.587500000000000000e+02
1.560999999999999943e+02
1.388300000000000125e+02
1.240000000000000000e+02
1.351699999999999875e+02
1.340399999999999920e+02
1.451800000000000068e+02
1.400600000000000023e+02
1.371399999999999864e+02
1.149300000000000068e+02
1.121099999999999994e+02
1.114599999999999937e+02
1.088100000000000023e+02
1.014800000000000040e+02
1.011299999999999955e+02
9.643000000000000682e+01
9.589000000000000057e+01
9.392000000000000171e+01
9.242000000000000171e+01
1.011200000000000045e+02
8.815000000000000568e+01
8.620000000000000284e+01
9.592000000000000171e+01
8.443999999999999773e+01
8.598000000000000398e+01
8.620999999999999375e+01
8.668000000000000682e+01
9.609999999999999432e+01
9.148999999999999488e+01
9.004999999999999716e+01
9.392000000000000171e+01
1.089099999999999966e+02
9.604999999999999716e+01
9.484999999999999432e+01
1.022399999999999949e+02
8.815000000000000568e+01
8.628000000000000114e+01
8.815000000000000568e+01
9.346999999999999886e+01
9.004999999999999716e+01
9.196999999999999886e+01
9.196999999999999886e+01
9.196999999999999886e+01
9.100000000000000000e+01
8.815000000000000568e+01
8.628000000000000114e+01
8.443999999999999773e+01
8.082999999999999829e+01
8.082999999999999829e+01
7.906000000000000227e+01
8.323000000000000398e+01
7.560999999999999943e+01
7.831000000000000227e+01
7.760999999999999943e+01
6.912999999999999545e+01
6.720999999999999375e+01
6.700000000000000000e+01
6.860999999999999943e+01
7.226000000000000512e+01
7.184999999999999432e+01
7.001000000000000512e+01
6.950000000000000000e+01
6.945999999999999375e+01
6.801999999999999602e+01
6.987000000000000455e+01
7.062000000000000455e+01
7.032999999999999829e+01
7.056999999999999318e+01
7.045000000000000284e+01
6.868000000000000682e+01
6.871999999999999886e+01
6.879000000000000625e+01
6.820999999999999375e+01
6.437000000000000455e+01
6.418999999999999773e+01
6.426999999999999602e+01
6.426999999999999602e+01
6.332000000000000028e+01
6.264000000000000057e+01
6.431000000000000227e+01
6.379999999999999716e+01
6.270000000000000284e+01
6.156000000000000227e+01
5.950999999999999801e+01
5.684000000000000341e+01
5.627000000000000313e+01
5.838000000000000256e+01
5.482000000000000028e+01
5.696000000000000085e+01
5.340999999999999659e+01
5.238000000000000256e+01
5.121999999999999886e+01
5.084000000000000341e+01
5.556000000000000227e+01
5.200999999999999801e+01
5.077000000000000313e+01
5.060000000000000142e+01
6.003000000000000114e+01
6.950000000000000000e+01
6.989000000000000057e+01
6.584999999999999432e+01
6.695000000000000284e+01
6.673999999999999488e+01
6.693999999999999773e+01
6.303000000000000114e+01
5.817000000000000171e+01
5.917000000000000171e+01
5.417999999999999972e+01
6.681999999999999318e+01
5.578999999999999915e+01
6.392999999999999972e+01
6.328999999999999915e+01
5.979999999999999716e+01
5.578999999999999915e+01
5.421000000000000085e+01
5.174000000000000199e+01
5.070000000000000284e+01
5.010999999999999943e+01
5.063000000000000256e+01
5.063000000000000256e+01
5.107999999999999829e+01
4.889000000000000057e+01
4.807000000000000028e+01
4.839999999999999858e+01
4.795000000000000284e+01
5.025000000000000000e+01
4.803000000000000114e+01
4.634000000000000341e+01
4.467999999999999972e+01
4.245000000000000284e+01
4.932000000000000028e+01
5.400000000000000000e+01
8.623999999999999488e+01
1.049899999999999949e+02
1.100300000000000011e+02
1.250000000000000000e+02
1.182699999999999960e+02
9.443999999999999773e+01
7.362999999999999545e+01
6.831999999999999318e+01
6.720999999999999375e+01
7.309000000000000341e+01
7.640999999999999659e+01
6.478000000000000114e+01
5.767000000000000171e+01
5.392000000000000171e+01
5.234000000000000341e+01
4.615999999999999659e+01
4.400000000000000000e+01
4.386999999999999744e+01
4.225999999999999801e+01
4.113000000000000256e+01
3.764000000000000057e+01
3.615999999999999659e+01
3.400999999999999801e+01
3.306000000000000227e+01
2.928000000000000114e+01
2.726000000000000156e+01
2.498999999999999844e+01
2.333999999999999986e+01
2.142000000000000171e+01
2.203000000000000114e+01
2.150000000000000000e+01
2.207000000000000028e+01
2.080000000000000071e+01
2.016000000000000014e+01
1.910000000000000142e+01
1.889999999999999858e+01
1.701999999999999957e+01
1.597000000000000064e+01
1.598000000000000043e+01
1.452999999999999936e+01
1.365000000000000036e+01
1.327999999999999936e+01
1.290000000000000036e+01
1.269999999999999929e+01
1.269999999999999929e+01
1.461999999999999922e+01
1.794999999999999929e+01
2.098000000000000043e+01
2.344999999999999929e+01
2.717000000000000171e+01
1.017000000000000028e+02
1.782100000000000080e+02
1.250000000000000000e+02
8.342000000000000171e+01
9.006000000000000227e+01
1.415699999999999932e+02
5.282300000000000182e+03
2.580300000000000000e+04
2.365300000000000000e+04
1.783100000000000000e+04
9.213899999999999636e+03
5.509000000000000000e+03
3.109599999999999909e+03
2.410699999999999818e+03
2.068000000000000000e+03
1.650700000000000045e+03
1.500099999999999909e+03
1.201799999999999955e+03
9.831299999999999955e+02
8.365299999999999727e+02
7.484199999999999591e+02
8.283099999999999454e+02
7.878200000000000500e+02
7.798500000000000227e+02
9.039299999999999500e+02
7.958300000000000409e+02
8.868300000000000409e+02
9.921399999999999864e+02
2.039900000000000091e+03
9.800100000000000364e+03
8.421100000000000364e+03
6.463899999999999636e+03
6.904000000000000000e+03
6.741899999999999636e+03
7.451500000000000000e+03
6.488899999999999636e+03
4.749399999999999636e+03
3.664400000000000091e+03
3.135300000000000182e+03
2.676599999999999909e+03
2.675800000000000182e+03
3.257000000000000000e+03
6.370399999999999636e+03
6.055300000000000182e+03
3.943400000000000091e+03
7.224300000000000182e+03
5.705600000000000364e+03
9.154500000000000000e+03
8.196100000000000364e+03
7.071500000000000000e+03
5.595100000000000364e+03
4.493800000000000182e+03
4.103100000000000364e+03
3.555900000000000091e+03
3.322800000000000182e+03
2.447199999999999818e+03
2.462699999999999818e+03
2.428599999999999909e+03
3.431500000000000000e+03
6.527100000000000364e+03
1.010200000000000000e+04
9.219500000000000000e+03
1.012700000000000000e+04
9.534000000000000000e+03
9.149700000000000728e+03
9.541799999999999272e+03
1.069800000000000000e+04
1.175500000000000000e+04
1.678200000000000000e+04
1.743600000000000000e+04
2.145400000000000000e+04
1.260700000000000000e+04
9.239600000000000364e+03
9.697200000000000728e+03
3.462700000000000000e+04
3.628800000000000000e+04
1.598300000000000000e+04
1.390200000000000000e+04
1.651700000000000000e+04
1.267500000000000000e+04
9.720200000000000728e+03
8.303700000000000728e+03
6.221399999999999636e+03
4.928399999999999636e+03
3.973500000000000000e+03
3.305699999999999818e+03
3.189800000000000182e+03
2.398599999999999909e+03
2.104699999999999818e+03
2.629800000000000182e+03
2.951300000000000182e+03
2.607500000000000000e+03
2.045299999999999955e+03
2.260400000000000091e+03
1.633900000000000091e+03
1.674599999999999909e+03
1.638799999999999955e+03
1.580200000000000045e+03
1.722799999999999955e+03
1.710700000000000045e+03
1.846700000000000045e+03
1.387000000000000000e+03
1.404400000000000091e+03
1.611799999999999955e+03
1.477599999999999909e+03
1.466400000000000091e+03
1.410200000000000045e+03
1.411299999999999955e+03
1.125700000000000045e+03
9.973799999999999955e+02
8.526299999999999955e+02
8.403799999999999955e+02
8.557100000000000364e+02
1.341200000000000045e+03
1.389500000000000000e+03
1.304299999999999955e+03
1.221900000000000091e+03
1.422200000000000045e+03
1.615299999999999955e+03
1.650700000000000045e+03
3.552300000000000182e+03
4.000599999999999909e+03
4.504500000000000000e+03
4.337300000000000182e+03
3.872000000000000000e+03
3.552800000000000182e+03
3.458800000000000182e+03
3.722800000000000182e+03
4.412800000000000182e+03
3.526199999999999818e+03
3.255599999999999909e+03
2.628000000000000000e+03
1.674599999999999909e+03
1.242299999999999955e+03
1.176900000000000091e+03
1.094299999999999955e+03
1.010299999999999955e+03
9.386900000000000546e+02
9.082400000000000091e+02
8.573099999999999454e+02
8.119800000000000182e+02
7.307500000000000000e+02
7.253099999999999454e+02
6.305000000000000000e+02
6.129199999999999591e+02
5.822400000000000091e+02
5.318400000000000318e+02
4.876700000000000159e+02
4.465799999999999841e+02
4.840699999999999932e+02
4.257900000000000205e+02
4.208000000000000114e+02
4.128000000000000114e+02
4.040799999999999841e+02
4.034900000000000091e+02
4.034900000000000091e+02
3.855500000000000114e+02
3.665899999999999750e+02
3.955899999999999750e+02
3.536299999999999955e+02
3.368899999999999864e+02
3.318899999999999864e+02
3.327799999999999727e+02
6.085499999999999545e+02
5.748500000000000227e+02
4.440099999999999909e+02
4.217900000000000205e+02
4.020400000000000205e+02
3.818000000000000114e+02
3.537500000000000000e+02
3.085199999999999818e+02
3.263999999999999773e+02
3.124100000000000250e+02
2.978899999999999864e+02
2.364199999999999875e+02
2.240399999999999920e+02
2.776399999999999864e+02
2.536500000000000057e+02
2.574800000000000182e+02
2.498199999999999932e+02
2.391399999999999864e+02
2.322800000000000011e+02
2.248100000000000023e+02
2.135000000000000000e+02
2.007700000000000102e+02
2.022400000000000091e+02
1.975999999999999943e+02
1.923499999999999943e+02
1.885200000000000102e+02
1.841500000000000057e+02
1.798899999999999864e+02
1.618499999999999943e+02
1.590099999999999909e+02
1.651899999999999977e+02
1.596200000000000045e+02
1.551299999999999955e+02
1.499099999999999966e+02
1.442100000000000080e+02
1.424199999999999875e+02
1.297800000000000011e+02
1.318100000000000023e+02
1.123199999999999932e+02
1.122699999999999960e+02
1.119200000000000017e+02
1.098299999999999983e+02
1.240900000000000034e+02
1.089000000000000057e+02
